0 -18.9263200362888071 -10.9271159677203507 28.6075610025035729 0.0009205926857607 2.3856429509262074
1 -17.9418716850064790 -11.1365611354679270 29.1558955704459173 0.0009675787607097 2.5073730142963306
2 -16.9449741419246571 -11.3336259136369417 29.6718178576783771 0.0009674939624542 2.5071535613350466
3 -15.9366508291372320 -11.5183539071225169 30.1554420232971374 0.0009674100010333 2.5069361843156113
4 -14.9178677673897688 -11.6907965662154449 30.6069027659127642 0.0009673280663023 2.5067239823984604
5 -13.8895391062871880 -11.8510103137575022 31.0263478024425652 0.0009672490844999 2.5065193646983053
6 -12.8525319968836023 -11.9990542686250183 31.4139319081148223 0.0009671737885277 2.5063242452860379
7 -11.8076709689797852 -12.1349884154724919 31.7698121247932548 0.0009671027749985 2.5061401779000301
8 -10.7557419361393247 -12.2588721135095007 32.0941438569062498 0.0009670365356325 2.5059684491083587
9 -9.6974959224161026 -12.3707628672547685 32.3870776532380802 0.0009669754852251 2.5058101424387313
10 -8.6336525829129815 -12.4707153036721063 32.6487565290367314 0.0009669199771754 2.5056661820661330
11 -7.5649035737618640 -12.5587803154829523 32.8793137231774182 0.0009668703133219 2.5055373619312222
12 -6.4919158139241828 -12.6350043416139712 33.0788708143479013 0.0009668267553593 2.5054243645990928
13 -5.4153346712517285 -12.6994287638102481 33.2475361413631276 0.0009667895262258 2.5053277728288328
14 -4.3357870967131422 -12.7520894043888493 33.3854034882678832 0.0009667588099429 2.5052480762370433
15 -3.2538847248128300 -12.7930161143824623 33.4925510060786493 0.0009667347625797 2.5051856745940153
16 -2.1702269525752920 -12.8222324445137854 33.5690403513888711 0.0009667175004768 2.5051408791036880
17 -1.0854040060810370 -12.8397553937395337 33.6149160280450445 0.0009667071089270 2.5051139125115292
18 0.0000000000000000 -12.8455952318312381 33.6302049226577608 0.0009667036398033 2.5051049087430819
19 1.0854040060810370 -12.8397553937395337 33.6149160280450445 0.0009667071089270 2.5051139125115287
20 2.1702269525752920 -12.8222324445137854 33.5690403513888711 0.0009667175004857 2.5051408791036884
21 3.2538847248128295 -12.7930161143824606 33.4925510060786564 0.0009667347625637 2.5051856745940198
22 4.3357870967131422 -12.7520894043888493 33.3854034882678832 0.0009667588099509 2.5052480762370379
23 5.4153346712517285 -12.6994287638102481 33.2475361413631276 0.0009667895262275 2.5053277728288275
24 6.4919158139241828 -12.6350043416139695 33.0788708143479013 0.0009668267553558 2.5054243645990892
25 7.5649035737618631 -12.5587803154829505 32.8793137231774182 0.0009668703133210 2.5055373619312187
26 8.6336525829129815 -12.4707153036721046 32.6487565290367314 0.0009669199771709 2.5056661820661321
27 9.6974959224161026 -12.3707628672547685 32.3870776532380802 0.0009669754852322 2.5058101424387278
28 10.7557419361393265 -12.2588721135095007 32.0941438569062569 0.0009670365356254 2.5059684491083516
29 11.8076709689797834 -12.1349884154724883 31.7698121247932477 0.0009671027749993 2.5061401779000283
30 12.8525319968836023 -11.9990542686250183 31.4139319081148223 0.0009671737885251 2.5063242452860406
31 13.8895391062871880 -11.8510103137575022 31.0263478024425581 0.0009672490845078 2.5065193646983071
32 14.9178677673897688 -11.6907965662154449 30.6069027659127642 0.0009673280662987 2.5067239823984604
33 15.9366508291372320 -11.5183539071225169 30.1554420232971374 0.0009674100010368 2.5069361843156126
34 16.9449741419246571 -11.3336259136369399 29.6718178576783771 0.0009674939624489 2.5071535613349494
35 17.9418716850064790 -11.1365611354679270 29.1558955704459173 0.0009675787607133 2.5073730142962249
36 18.9263200362888071 -10.9271159677203507 28.6075610025035729 0.0009205926857572 2.3856429509262118
37 -18.6154806966169346 -9.9698361029223612 29.1558955704459173 0.0009675787607017 2.5073730142962245
38 -17.6175025420242406 -10.1714698350865476 29.7012593264274543 0.0009698249856731 2.5131929888416229
39 -16.6070480250580381 -10.3607296630692645 30.2135935754456817 0.0009698152447619 2.5131680775208345
40 -15.5851435746631992 -10.5376901271681760 30.6930022405908716 0.0009698063855090 2.5131453587853763
41 -14.5527615188406401 -10.7024272819531614 31.1396079366817915 0.0009697983359622 2.5131246585517477
42 -13.5108250842833630 -10.8550173153997775 31.5535450405223159 0.0009697910362192 2.5131058337000987
43 -12.4602128819719766 -10.9955353498663566 31.9349541616357939 0.0009697844365286 2.5130887669511939
44 -11.4017630036824205 -11.1240543921746511 32.2839776714053386 0.0009697784956177 2.5130733624614821
45 -10.3362768252519857 -11.2406444078568040 32.6007560447281080 0.0009697731793139 2.5130595421220421
46 -9.2645225905001016 -11.3453715011491081 32.8854248364077932 0.0009697684593837 2.5130472424934438
47 -8.1872388330020911 -11.4382971872828403 33.1381121632898683 0.0009697643125861 2.5130364122777946
48 -7.1051376797890615 -11.5194777480955217 33.3589365981947026 0.0009697607198902 2.5130270102411654
49 -6.0189080708342706 -11.5889636646168501 33.5480054074014475 0.0009697576658407 2.5130190035077167
50 -4.9292189198302232 -11.6467991233143291 33.7054130819005451 0.0009697551380334 2.5130123661770103
51 -3.8367222353905408 -11.6930215933133503 33.8312401266457812 0.0009697531267072 2.5130070782122846
52 -2.7420562165013043 -11.7276614741878884 33.9255520817627314 0.0009697516244174 2.5130031245674473
53 -1.6458483320819415 -11.7507418134607668 33.9883987575344264 0.0009697506257869 2.5130004945148934
54 -0.5487183912610074 -11.7622780944868293 34.0198136701988290 0.0009697501273278 2.5129991811652670
55 0.5487183912610074 -11.7622780944868293 34.0198136701988290 0.0009697501273269 2.5129991811652670
56 1.6458483320819415 -11.7507418134607668 33.9883987575344264 0.0009697506257869 2.5130004945148934
57 2.7420562165013038 -11.7276614741878866 33.9255520817627385 0.0009697516244174 2.5130031245674473
58 3.8367222353905408 -11.6930215933133503 33.8312401266457812 0.0009697531267072 2.5130070782122838
59 4.9292189198302223 -11.6467991233143291 33.7054130819005380 0.0009697551380334 2.5130123661770094
60 6.0189080708342706 -11.5889636646168501 33.5480054074014475 0.0009697576658407 2.5130190035077149
61 7.1051376797890615 -11.5194777480955217 33.3589365981947026 0.0009697607198902 2.5130270102411605
62 8.1872388330020911 -11.4382971872828403 33.1381121632898683 0.0009697643125843 2.5130364122777897
63 9.2645225905001034 -11.3453715011491099 32.8854248364078003 0.0009697684593846 2.5130472424934474
64 10.3362768252519874 -11.2406444078568040 32.6007560447281008 0.0009697731793121 2.5130595421220394
65 11.4017630036824222 -11.1240543921746529 32.2839776714053457 0.0009697784956186 2.5130733624614763
66 12.4602128819719766 -10.9955353498663566 31.9349541616357939 0.0009697844365286 2.5130887669511939
67 13.5108250842833630 -10.8550173153997775 31.5535450405223159 0.0009697910362192 2.5131058337001022
68 14.5527615188406401 -10.7024272819531614 31.1396079366817915 0.0009697983359622 2.5131246585517499
69 15.5851435746631992 -10.5376901271681760 30.6930022405908716 0.0009698063855090 2.5131453587853239
70 16.6070480250580381 -10.3607296630692609 30.2135935754456817 0.0009698152447628 2.5131680775207244
71 17.6175025420241838 -10.1714698350866435 29.7012593264274543 0.0009698249856740 2.5131929888416220
72 18.6154806966169346 -9.9698361029223594 29.1558955704459173 0.0009675787607044 2.5073730142963324
73 -18.2876950291615366 -9.0079651165587027 29.6718178576783771 0.0009674939624560 2.5071535613349405
74 -17.2761791024899907 -9.2017606400338234 30.2135935754456817 0.0009698152447619 2.5131680775207244
75 -16.2521971325437491 -9.3832103893969308 30.7216772190785541 0.0009698054494427 2.5131431481785538
76 -15.2167791863074786 -9.5524161649833967 31.1961692617238420 0.0009697965511588 2.5131204437464616
77 -14.1709041265815436 -9.7094760478034079 31.6371862072524763 0.0009697884779705 2.5130997909417636
78 -13.1155042087021148 -9.8544841678411519 32.0448543628658911 0.0009697811702747 2.5130810478903616
79 -12.0514692699169359 -9.9875303402213724 32.4193048373867114 0.0009697745787802 2.5130640987831292
80 -10.9796506097469049 -10.1086996228905388 32.7606694745705269 0.0009697686628050 2.5130488493807515
81 -9.9008646373421847 -10.2180718325340045 33.0690775114487039 0.0009697633888459 2.5130352232780306
82 -8.8158963449094792 -10.3157210446660557 33.3446528091753507 0.0009697587294193 2.5130231588180147
83 -7.7255026528977657 -10.4017150973640948 33.5875115451165556 0.0009697546620924 2.5130126065409764
84 -6.6304156624553707 -10.4761151136246671 33.7977602848051362 0.0009697511686761 2.5130035270805715
85 -5.5313458419829171 -10.5389750546969552 33.9754943742229187 0.0009697482345796 2.5129958894288520
86 -4.4289851684202866 -10.5903413141487217 34.1207966089267600 0.0009697458482805 2.5129896695300014
87 -3.3240102380251981 -10.6302523609905233 34.2337361484130014 0.0009697440008853 2.5129848491418114
88 -2.2170853578347600 -10.6587384385056971 34.3143676528592820 0.0009697426858146 2.5129814149577578
89 -1.1088656250891029 -10.6758213243399052 34.3627306260178500 0.0009697418985333 2.5129793579315947
90 0.0000000000000000 -10.6815141559304188 34.3788489530504506 0.0009697416363963 2.5129786728253389
91 1.1088656250891029 -10.6758213243399052 34.3627306260178500 0.0009697418985333 2.5129793579315938
92 2.2170853578347600 -10.6587384385056971 34.3143676528592891 0.0009697426858164 2.5129814149577552
93 3.3240102380251981 -10.6302523609905233 34.2337361484130014 0.0009697440008862 2.5129848491418114
94 4.4289851684202866 -10.5903413141487235 34.1207966089267600 0.0009697458482814 2.5129896695300045
95 5.5313458419829171 -10.5389750546969552 33.9754943742229187 0.0009697482345796 2.5129958894288551
96 6.6304156624553707 -10.4761151136246671 33.7977602848051362 0.0009697511686753 2.5130035270805746
97 7.7255026528977657 -10.4017150973640948 33.5875115451165414 0.0009697546620906 2.5130126065409772
98 8.8158963449094774 -10.3157210446660539 33.3446528091753507 0.0009697587294202 2.5130231588180121
99 9.9008646373421847 -10.2180718325340045 33.0690775114487039 0.0009697633888450 2.5130352232780337
100 10.9796506097469049 -10.1086996228905406 32.7606694745705269 0.0009697686628032 2.5130488493807532
101 12.0514692699169359 -9.9875303402213724 32.4193048373867114 0.0009697745787802 2.5130640987831292
102 13.1155042087021148 -9.8544841678411519 32.0448543628658911 0.0009697811702747 2.5130810478903620
103 14.1709041265815436 -9.7094760478034061 31.6371862072524763 0.0009697884779696 2.5130997909417374
104 15.2167791863074786 -9.5524161649833950 31.1961692617238420 0.0009697965511588 2.5131204437463825
105 16.2521971325436922 -9.3832103893970302 30.7216772190785541 0.0009698054494436 2.5131431481785520
106 17.2761791024899907 -9.2017606400338234 30.2135935754456817 0.0009698152447628 2.5131680775208300
107 18.2876950291615366 -9.0079651165587027 29.6718178576783771 0.0009674939624507 2.5071535613350413
108 -17.9435125079164592 -8.0423675157139236 30.1554420232971374 0.0009674100010351 2.5069361843156122
109 -16.9184791346677130 -8.2282851937020638 30.6930022405908787 0.0009698063855108 2.5131453587853265
110 -15.8810246595504818 -8.4019092566288798 31.1961692617238420 0.0009697965511579 2.5131204437463803
111 -14.8321835445284407 -8.5633651621034002 31.6650455297618869 0.0009697876276231 2.5130977811274908
112 -13.7729415751234860 -8.7127703752754524 32.0997463036074038 0.0009697795434551 2.5130771997638783
113 -12.7042401595384860 -8.8502349981329829 32.5003941890954806 0.0009697722398228 2.5130585603527615
114 -11.6269802985173598 -8.9758620335510066 32.8671147180969712 0.0009697656683576 2.5130417498292656
115 -10.5420263054979380 -9.0897474004506993 33.2000327344746609 0.0009697597893741 2.5130266767257190
116 -9.4502093389219777 -9.1919797819906339 33.4992694120040042 0.0009697545704128 2.5130132673698591
117 -8.3523307946820768 -9.2826403663486694 33.7649397767157282 0.0009697499850487 2.5130014627572939
118 -7.2491655961041292 -9.3618025240733331 33.9971506403185799 0.0009697460118954 2.5129912159750405
119 -6.1414654100680348 -9.4295314562141286 34.1959988760849853 0.0009697426337993 2.5129824900770732
120 -5.0299618113135862 -9.4858838390639431 34.3615699869565461 0.0009697398371848 2.5129752563383807
121 -3.9153694111602095 -9.5309074866641534 34.4939369288980942 0.0009697376114870 2.5129694928360053
122 -2.7983889627660843 -9.5646410466721772 34.5931591627793225 0.0009697359487593 2.5129651833195981
123 -1.6797104514010524 -9.5871137429199749 34.6592819152354750 0.0009697348433075 2.5129623163420813
124 -0.5600161757673227 -9.5983451737616523 34.6923356349526486 0.0009697342914770 2.5129608846175708
125 0.5600161757673227 -9.5983451737616523 34.6923356349526486 0.0009697342914770 2.5129608846175699
126 1.6797104514010526 -9.5871137429199766 34.6592819152354750 0.0009697348433093 2.5129623163420769
127 2.7983889627660843 -9.5646410466721772 34.5931591627793225 0.0009697359487593 2.5129651833195958
128 3.9153694111602095 -9.5309074866641534 34.4939369288980942 0.0009697376114870 2.5129694928360067
129 5.0299618113135862 -9.4858838390639413 34.3615699869565461 0.0009697398371848 2.5129752563383816
130 6.1414654100680348 -9.4295314562141286 34.1959988760849853 0.0009697426337993 2.5129824900770728
131 7.2491655961041301 -9.3618025240733331 33.9971506403185870 0.0009697460118945 2.5129912159750449
132 8.3523307946820751 -9.2826403663486659 33.7649397767157211 0.0009697499850496 2.5130014627572934
133 9.4502093389219777 -9.1919797819906339 33.4992694120040042 0.0009697545704128 2.5130132673698533
134 10.5420263054979362 -9.0897474004506993 33.2000327344746680 0.0009697597893741 2.5130266767257217
135 11.6269802985173616 -8.9758620335510084 32.8671147180969712 0.0009697656683558 2.5130417498292692
136 12.7042401595384860 -8.8502349981329829 32.5003941890954806 0.0009697722398219 2.5130585603527251
137 13.7729415751234860 -8.7127703752754524 32.0997463036074038 0.0009697795434560 2.5130771997638210
138 14.8321835445284140 -8.5633651621034463 31.6650455297618869 0.0009697876276222 2.5130977811274873
139 15.8810246595504818 -8.4019092566288798 31.1961692617238420 0.0009697965511588 2.5131204437464585
140 16.9184791346677130 -8.2282851937020638 30.6930022405908787 0.0009698063855108 2.5131453587853820
141 17.9435125079164592 -8.0423675157139236 30.1554420232971303 0.0009674100010439 2.5069361843156126
142 -17.5834607005133421 -7.0738541737488676 30.6069027659127642 0.0009673280663014 2.5067239823984626
143 -16.5449546677473975 -7.2518475295560245 31.1396079366817915 0.0009697983359622 2.5131246585517504
144 -15.4941049781250531 -7.4176249443116458 31.6371862072524763 0.0009697884779705 2.5130997909417330
145 -14.4319512698907637 -7.5713321012580730 32.0997463036074038 0.0009697795434551 2.5130771997638193
146 -13.3594867022085655 -7.7131032437553015 32.5274061893149380 0.0009697714619374 2.5130567172842770
147 -12.2776620426869574 -7.8430624253531356 32.9202883729407390 0.0009697641757977 2.5130382079900544
148 -11.1873894816777284 -7.9613242264158890 33.2785160899209842 0.0009697576379741 2.5130215626309802
149 -10.0895462400740925 -8.0679940979857321 33.6022101639799047 0.0009697518101204 2.5130066934570814
150 -8.9849780221940563 -8.1631684477623754 33.8914864063845229 0.0009697466611032 2.5129935303363404
151 -7.8745023540460721 -8.2469345519269766 34.1464534494046035 0.0009697421657826 2.5129820175818161
152 -6.7589118378142148 -8.3193703558778296 34.3672109379041117 0.0009697383040130 2.5129721113536898
153 -5.6389773466492379 -8.3805442114979680 34.5538480230944032 0.0009697350598152 2.5129637775283062
154 -4.5154511775190400 -8.4305145882663233 34.7064421172852349 0.0009697324207050 2.5129569899484610
155 -3.3890701758252666 -8.4693297866000226 34.8250578794801342 0.0009697303771672 2.5129517290231154
156 -2.2605588411628590 -8.4970276758584617 34.9097464098686388 0.0009697289222181 2.5129479806146078
157 -1.1306324214688728 -8.5136354738074580 34.9605446374430926 0.0009697280510910 2.5129457352121132
158 0.0000000000000000 -8.5191695803143883 34.9774748897321928 0.0009697277610154 2.5129449873367720
159 1.1306324214688728 -8.5136354738074598 34.9605446374430855 0.0009697280510901 2.5129457352121145
160 2.2605588411628590 -8.4970276758584617 34.9097464098686316 0.0009697289222164 2.5129479806146078
161 3.3890701758252666 -8.4693297866000226 34.8250578794801342 0.0009697303771663 2.5129517290231149
162 4.5154511775190400 -8.4305145882663233 34.7064421172852349 0.0009697324207041 2.5129569899484592
163 5.6389773466492370 -8.3805442114979662 34.5538480230943961 0.0009697350598143 2.5129637775283040
164 6.7589118378142139 -8.3193703558778296 34.3672109379041117 0.0009697383040148 2.5129721113536885
165 7.8745023540460739 -8.2469345519269783 34.1464534494046106 0.0009697421657826 2.5129820175818165
166 8.9849780221940563 -8.1631684477623754 33.8914864063845158 0.0009697466611023 2.5129935303363382
167 10.0895462400740925 -8.0679940979857321 33.6022101639799047 0.0009697518101195 2.5130066934570783
168 11.1873894816777302 -7.9613242264158899 33.2785160899209842 0.0009697576379732 2.5130215626309300
169 12.2776620426869574 -7.8430624253531347 32.9202883729407390 0.0009697641757977 2.5130382079899798
170 13.3594867022085317 -7.7131032437553619 32.5274061893149380 0.0009697714619374 2.5130567172842770
171 14.4319512698907637 -7.5713321012580739 32.0997463036074038 0.0009697795434551 2.5130771997638748
172 15.4941049781250531 -7.4176249443116458 31.6371862072524763 0.0009697884779696 2.5130997909417596
173 16.5449546677473975 -7.2518475295560245 31.1396079366817915 0.0009697983359622 2.5131246585517499
174 17.5834607005133421 -7.0738541737488676 30.6069027659127642 0.0009673280662916 2.5067239823984675
175 -17.2080455453689787 -6.1031885560233627 31.0263478024425652 0.0009672490844936 2.5065193646983031
176 -16.1561332957978472 -6.2732090913775318 31.5535450405223159 0.0009697910362192 2.5131058337000982
177 -15.0919857348930471 -6.4311177442571799 32.0448543628658911 0.0009697811702738 2.5130810478903616
178 -14.0166484176145296 -6.5770772148723076 32.5003941890954806 0.0009697722398219 2.5130585603527247
179 -12.9311223251664877 -6.7112360153702806 32.9202883729407390 0.0009697641757977 2.5130382079899816
180 -11.8363678107244823 -6.8337301417491458 33.3046622772096939 0.0009697569221538 2.5130198600686571
181 -10.7333083112863257 -6.9446840961804623 33.6536395579903100 0.0009697504334607 2.5130034120661850
182 -9.6228338835404053 -7.0442114507521163 33.9673395055732783 0.0009697446729771 2.5129887806860287
183 -8.5058046085814762 -7.1324150904459058 34.2458748309663363 0.0009697396111097 2.5129758999349394
184 -7.3830538997154251 -7.2093872369545080 34.4893498167410257 0.0009697352241789 2.5129647179318484
185 -6.2553917401641046 -7.2752093292038209 34.6978587724567262 0.0009697314934005 2.5129551942825330
186 -5.1236078707016155 -7.3299518193013125 34.8714847506383947 0.0009697284040584 2.5129472979509959
187 -3.9884749426827248 -7.3736739281487660 35.0102984910573340 0.0009697259448380 2.5129410055320949
188 -2.8507516474737344 -7.4064233958428973 35.1143575696030155 0.0009697241072910 2.5129362998747160
189 -1.7111858305403407 -7.4282362525900423 35.1837057347441018 0.0009697228854328 2.5129331690175127
190 -0.5705175957913740 -7.4391366305816788 35.2183724192988521 0.0009697222754381 2.5129316054121178
191 0.5705175957913741 -7.4391366305816797 35.2183724192988521 0.0009697222754372 2.5129316054121205
192 1.7111858305403407 -7.4282362525900423 35.1837057347441018 0.0009697228854346 2.5129331690175163
193 2.8507516474737344 -7.4064233958428973 35.1143575696030155 0.0009697241072901 2.5129362998747147
194 3.9884749426827248 -7.3736739281487660 35.0102984910573340 0.0009697259448380 2.5129410055320944
195 5.1236078707016155 -7.3299518193013125 34.8714847506383947 0.0009697284040584 2.5129472979509950
196 6.2553917401641046 -7.2752093292038209 34.6978587724567262 0.0009697314934014 2.5129551942825321
197 7.3830538997154251 -7.2093872369545080 34.4893498167410257 0.0009697352241789 2.5129647179318493
198 8.5058046085814762 -7.1324150904459058 34.2458748309663363 0.0009697396111097 2.5129758999349403
199 9.6228338835404053 -7.0442114507521163 33.9673395055732783 0.0009697446729762 2.5129887806860136
200 10.7333083112863239 -6.9446840961804615 33.6536395579903029 0.0009697504334616 2.5130034120661304
201 11.8363678107244343 -6.8337301417492311 33.3046622772096939 0.0009697569221530 2.5130198600686562
202 12.9311223251664877 -6.7112360153702806 32.9202883729407390 0.0009697641757986 2.5130382079900553
203 14.0166484176145296 -6.5770772148723067 32.5003941890954806 0.0009697722398236 2.5130585603527607
204 15.0919857348930471 -6.4311177442571799 32.0448543628658911 0.0009697811702738 2.5130810478903620
205 16.1561332957978472 -6.2732090913775327 31.5535450405223159 0.0009697910362201 2.5131058337001009
206 17.2080455453689787 -6.1031885560233627 31.0263478024425581 0.0009672490845016 2.5065193646983053
207 -16.8177518164591753 -5.1310920779410303 31.4139319081148223 0.0009671737885339 2.5063242452860339
208 -15.7525193821800684 -5.2930932174166667 31.9349541616357939 0.0009697844365286 2.5130887669511970
209 -14.6751896306580125 -5.4431133705648831 32.4193048373867114 0.0009697745787811 2.5130640987831341
210 -13.5868146911781036 -5.5813292910417047 32.8671147180969712 0.0009697656683567 2.5130417498292652
211 -12.4884037686795182 -5.7079013799557927 33.2785160899209842 0.0009697576379741 2.5130215626309278
212 -11.3809270041932180 -5.8229756161343795 33.6536395579903100 0.0009697504334616 2.5130034120661273
213 -10.2653191282399110 -5.9266847620067109 33.9926114167062678 0.0009697440112530 2.5129871989652424
214 -9.1424829593018480 -6.0191490563685379 34.2955514604458997 0.0009697383364227 2.5129728450792364
215 -8.0132927872498207 -6.1004765468593893 34.5625711515655141 0.0009697333810754 2.5129602889954010
216 -6.8785976725427886 -6.1707631757857628 34.7937720847805636 0.0009697291230930 2.5129494829432435
217 -5.7392246841706278 -6.2300927048695716 34.9892447033847418 0.0009697255451435 2.5129403902109040
218 -4.5959820945204779 -6.2785365439927805 35.1490672344600696 0.0009697226338279 2.5129329830065350
219 -3.4496625440587709 -6.3161535345441804 35.2733048190863911 0.0009697203790271 2.5129272407604559
220 -2.3010461858822171 -6.3429897253767695 35.3620088201193923 0.0009697187733853 2.5129231488012254
221 -1.1509038167705927 -6.3590781706453114 35.4152162950357408 0.0009697178119161 2.5129206973438665
222 0.0000000000000000 -6.3644387706946528 35.4329496250887814 0.0009697174917429 2.5129198807997670
223 1.1509038167705925 -6.3590781706453097 35.4152162950357408 0.0009697178119161 2.5129206973438674
224 2.3010461858822171 -6.3429897253767695 35.3620088201193923 0.0009697187733853 2.5129231488012258
225 3.4496625440587709 -6.3161535345441804 35.2733048190863840 0.0009697203790262 2.5129272407604568
226 4.5959820945204779 -6.2785365439927805 35.1490672344600696 0.0009697226338279 2.5129329830065350
227 5.7392246841706278 -6.2300927048695716 34.9892447033847418 0.0009697255451435 2.5129403902109053
228 6.8785976725427886 -6.1707631757857628 34.7937720847805636 0.0009697291230930 2.5129494829432431
229 8.0132927872498207 -6.1004765468593893 34.5625711515655141 0.0009697333810745 2.5129602889953939
230 9.1424829593018480 -6.0191490563685379 34.2955514604458997 0.0009697383364227 2.5129728450792195
231 10.2653191282398986 -5.9266847620067358 33.9926114167062678 0.0009697440112539 2.5129871989652433
232 11.3809270041932162 -5.8229756161343786 33.6536395579903029 0.0009697504334616 2.5130034120661833
233 12.4884037686795200 -5.7079013799557927 33.2785160899209842 0.0009697576379732 2.5130215626309789
234 13.5868146911781036 -5.5813292910417047 32.8671147180969712 0.0009697656683576 2.5130417498292661
235 14.6751896306580125 -5.4431133705648831 32.4193048373867114 0.0009697745787811 2.5130640987831323
236 15.7525193821800684 -5.2930932174166667 31.9349541616357939 0.0009697844365277 2.5130887669511979
237 16.8177518164591753 -5.1310920779410303 31.4139319081148223 0.0009671737885295 2.5063242452860388
238 -16.4130437269189429 -4.1582488109282671 31.7698121247932548 0.0009671027750047 2.5061401779000292
239 -15.3345951985443190 -4.3121892130312149 32.2839776714053386 0.0009697784956177 2.5130733624614807
240 -14.2442159775228330 -4.4543065412728486 32.7606694745705269 0.0009697686628041 2.5130488493807510
241 -13.1429653155228383 -4.5847888876996770 33.2000327344746609 0.0009697597893732 2.5130266767257199
242 -12.0318609664756089 -4.7038063075690664 33.6022101639799047 0.0009697518101195 2.5130066934570814
243 -10.9118830077507702 -4.8115128741676019 33.9673395055732783 0.0009697446729771 2.5129887806860114
244 -9.7839774716312107 -4.9080479682374651 34.2955514604458997 0.0009697383364227 2.5129728450792186
245 -8.6490598358415323 -4.9935370244602817 34.5869679495236610 0.0009697327674587 2.5129588137554739
246 -7.5080184097672653 -5.0680918980583307 34.8417006483815470 0.0009697279399976 2.5129466301985923
247 -6.3617176443071273 -5.1318109719895304 35.0598497538406306 0.0009697238335775 2.5129362509660251
248 -5.2110013868722298 -5.1847790965410905 35.2415029512943150 0.0009697204323347 2.5129276431066518
249 -4.0566960971171024 -5.2270674313124665 35.3867345603426244 0.0009697177242129 2.5129207821283304
250 -2.8996140357600355 -5.2587332427043796 35.4956048423702555 0.0009697157002968 2.5129156503049503
251 -1.7405564349536371 -5.2798196980752765 35.5681594583211123 0.0009697143543184 2.5129122354121436
252 -0.5803166566351243 -5.2903556862282448 35.6044290684631619 0.0009697136822968 2.5129105298062595
253 0.5803166566351243 -5.2903556862282448 35.6044290684631619 0.0009697136822959 2.5129105298062586
254 1.7405564349536371 -5.2798196980752765 35.5681594583211123 0.0009697143543175 2.5129122354121414
255 2.8996140357600360 -5.2587332427043805 35.4956048423702626 0.0009697157002968 2.5129156503049508
256 4.0566960971171024 -5.2270674313124657 35.3867345603426244 0.0009697177242129 2.5129207821283313
257 5.2110013868722289 -5.1847790965410896 35.2415029512943221 0.0009697204323356 2.5129276431066514
258 6.3617176443071273 -5.1318109719895304 35.0598497538406306 0.0009697238335775 2.5129362509659332
259 7.5080184097672653 -5.0680918980583307 34.8417006483815470 0.0009697279399976 2.5129466301985244
260 8.6490598358415252 -4.9935370244602924 34.5869679495236610 0.0009697327674578 2.5129588137554748
261 9.7839774716312107 -4.9080479682374651 34.2955514604458997 0.0009697383364227 2.5129728450792368
262 10.9118830077507702 -4.8115128741676019 33.9673395055732783 0.0009697446729771 2.5129887806860296
263 12.0318609664756089 -4.7038063075690664 33.6022101639799047 0.0009697518101195 2.5130066934570769
264 13.1429653155228365 -4.5847888876996770 33.2000327344746680 0.0009697597893741 2.5130266767257199
265 14.2442159775228347 -4.4543065412728495 32.7606694745705269 0.0009697686628041 2.5130488493807541
266 15.3345951985443190 -4.3121892130312149 32.2839776714053386 0.0009697784956169 2.5130733624614781
267 16.4130437269189393 -4.1582488109282663 31.7698121247932477 0.0009671027750038 2.5061401779000305
268 -15.9943656401135179 -3.1853096964915291 32.0941438569062498 0.0009670365356165 2.5059684491083596
269 -14.9028220247374730 -3.3311561072881855 32.6007560447281080 0.0009697731793139 2.5130595421220381
270 -13.7995421033397516 -3.4653643791023301 33.0690775114487039 0.0009697633888459 2.5130352232780311
271 -12.6855926717378207 -3.5881314675920621 33.4992694120040042 0.0009697545704137 2.5130132673698631
272 -11.5620002622308267 -3.6996349957837271 33.8914864063845229 0.0009697466611023 2.5129935303363391
273 -10.4297549629523782 -3.8000353254353603 34.2458748309663363 0.0009697396111106 2.5129758999349390
274 -9.2898140583963116 -3.8894768482912609 34.5625711515655141 0.0009697333810745 2.5129602889953966
275 -8.1431055373162398 -3.9680887259105302 34.8417006483815470 0.0009697279399985 2.5129466301985257
276 -6.9905315031334281 -4.0359852451125526 35.0833762971144623 0.0009697232636512 2.5129348720259501
277 -5.8329715129202304 -4.0932659146083701 35.2876978206536762 0.0009697193332423 2.5129249754437679
278 -4.6712858647889064 -4.1400153968877111 35.4547508929756319 0.0009697161344189 2.5129169113239014
279 -3.5063188489894497 -4.1763033482249838 35.5846064819161043 0.0009697136564384 2.5129106583947927
280 -2.3389019733195355 -4.2021842217058447 35.6773203215438883 0.0009697118915852 2.5129062017105657
281 -1.1698571714748052 -4.2176970745589006 35.7329325075007844 0.0009697108346609 2.5129035314186425
282 0.0000000000000000 -4.2228654100600469 35.7514672108504996 0.0009697104826785 2.5129026419271887
283 1.1698571714748052 -4.2176970745589006 35.7329325075007844 0.0009697108346618 2.5129035314186421
284 2.3389019733195355 -4.2021842217058447 35.6773203215438812 0.0009697118915835 2.5129062017105648
285 3.5063188489894492 -4.1763033482249829 35.5846064819161114 0.0009697136564393 2.5129106583947918
286 4.6712858647889064 -4.1400153968877111 35.4547508929756319 0.0009697161344189 2.5129169113238783
287 5.8329715129202304 -4.0932659146083701 35.2876978206536762 0.0009697193332414 2.5129249754436889
288 6.9905315031333490 -4.0359852451126894 35.0833762971144623 0.0009697232636494 2.5129348720259497
289 8.1431055373162415 -3.9680887259105306 34.8417006483815541 0.0009697279399994 2.5129466301985941
290 9.2898140583963116 -3.8894768482912609 34.5625711515655141 0.0009697333810736 2.5129602889954024
291 10.4297549629523765 -3.8000353254353598 34.2458748309663434 0.0009697396111106 2.5129758999349407
292 11.5620002622308267 -3.6996349957837276 33.8914864063845158 0.0009697466611032 2.5129935303363422
293 12.6855926717378207 -3.5881314675920621 33.4992694120040042 0.0009697545704137 2.5130132673698586
294 13.7995421033397516 -3.4653643791023301 33.0690775114487039 0.0009697633888459 2.5130352232780342
295 14.9028220247374730 -3.3311561072881855 32.6007560447281008 0.0009697731793121 2.5130595421220376
296 15.9943656401135215 -3.1853096964915291 32.0941438569062569 0.0009670365356182 2.5059684491083556
297 -15.5621428684439014 -2.2128963882809658 32.3870776532380802 0.0009669754852402 2.5058101424387220
298 -14.4576412306171704 -2.3506261667333486 32.8854248364077932 0.0009697684593837 2.5130472424934398
299 -13.3416246554892926 -2.4769296694889595 33.3446528091753507 0.0009697587294193 2.5130231588180125
300 -12.2151677687938740 -2.5920104658314109 33.7649397767157282 0.0009697499850487 2.5130014627572956
301 -11.0793060023394343 -2.6960518048007751 34.1464534494046035 0.0009697421657835 2.5129820175818169
302 -9.9350394427796189 -2.7892186161860715 34.4893498167410257 0.0009697352241780 2.5129647179318488
303 -8.7833365072394045 -2.8716587389416866 34.7937720847805636 0.0009697291230939 2.5129494829432462
304 -7.6251374913162095 -2.9435036056789019 35.0598497538406306 0.0009697238335775 2.5129362509659319
305 -6.4613580229559080 -3.0048685524356862 35.2876978206536762 0.0009697193332423 2.5129249754436920
306 -5.2928924478290496 -3.0558528795458186 35.4774160941053509 0.0009697156049739 2.5129156217168682
307 -4.1206171649549264 -3.0965397598079796 35.6290886172493444 0.0009697126358938 2.5129081643777353
308 -2.9453939269980420 -3.1269960663582008 35.7427831906775779 0.0009697104165847 2.5129025853308695
309 -1.7680731161708960 -3.1472721758446527 35.8185509939616082 0.0009697089404703 2.5128988722478489
310 -0.5894970033593231 -3.1574017876096514 35.8564263031695631 0.0009697082034155 2.5128970175262380
311 0.5894970033593231 -3.1574017876096514 35.8564263031695631 0.0009697082034155 2.5128970175262388
312 1.7680731161708958 -3.1472721758446522 35.8185509939616011 0.0009697089404685 2.5128988722478498
313 2.9453939269980416 -3.1269960663582008 35.7427831906775708 0.0009697104165847 2.5129025853308153
314 4.1206171649549264 -3.0965397598079796 35.6290886172493444 0.0009697126358930 2.5129081643776905
315 5.2928924478290327 -3.0558528795458502 35.4774160941053509 0.0009697156049739 2.5129156217168687
316 6.4613580229559080 -3.0048685524356862 35.2876978206536762 0.0009697193332432 2.5129249754437692
317 7.6251374913162095 -2.9435036056789019 35.0598497538406306 0.0009697238335775 2.5129362509660260
318 8.7833365072394045 -2.8716587389416866 34.7937720847805636 0.0009697291230930 2.5129494829432470
319 9.9350394427796189 -2.7892186161860715 34.4893498167410257 0.0009697352241789 2.5129647179318457
320 11.0793060023394343 -2.6960518048007747 34.1464534494046035 0.0009697421657835 2.5129820175818183
321 12.2151677687938722 -2.5920104658314109 33.7649397767157211 0.0009697499850487 2.5130014627572947
322 13.3416246554892908 -2.4769296694889591 33.3446528091753507 0.0009697587294202 2.5130231588180081
323 14.4576412306171722 -2.3506261667333499 32.8854248364078003 0.0009697684593837 2.5130472424934425
324 15.5621428684439014 -2.2128963882809658 32.3870776532380802 0.0009669754852366 2.5058101424387242
325 -15.1167825477999038 -1.2416048124157268 32.6487565290367314 0.0009669199771638 2.5056661820661286
326 -13.9994753567240764 -1.3712082225888527 33.1381121632898683 0.0009697643125852 2.5130364122777924
327 -12.8709008436943133 -1.4896240057314944 33.5875115451165556 0.0009697546620933 2.5130126065409772
328 -11.7321416091128476 -1.5970603004296711 33.9971506403185799 0.0009697460118945 2.5129912159750405
329 -10.5842419905884917 -1.6937041755475630 34.3672109379041117 0.0009697383040139 2.5129721113536876
330 -9.4282119670221078 -1.7797234930035499 34.6978587724567262 0.0009697314934005 2.5129551942825317
331 -8.2650308924344689 -1.8552680220836988 34.9892447033847418 0.0009697255451435 2.5129403902109062
332 -7.0956511040512291 -1.9204700319167478 35.2415029512943150 0.0009697204323347 2.5129276431066510
333 -5.9210014381579255 -1.9754445288024962 35.4547508929756319 0.0009697161344180 2.5129169113238774
334 -4.7419906782997376 -2.0202892642171904 35.6290886172493444 0.0009697126358938 2.5129081643776905
335 -3.5595109547324650 -2.0550846078981628 35.7645985440563834 0.0009697099253394 2.5129013804645113
336 -2.3744411090044353 -2.0798933584575927 35.8613451091466047 0.0009697079945878 2.5128965444506228
337 -1.1876500343342851 -2.0947605450074884 35.9193745164782356 0.0009697068382097 2.5128936465143905
338 0.0000000000000000 -2.0997132593597145 35.9387145600460940 0.0009697064530894 2.5128926811297019
339 1.1876500343342851 -2.0947605450074884 35.9193745164782356 0.0009697068382106 2.5128936465143092
340 2.3744411090044357 -2.0798933584575932 35.8613451091466189 0.0009697079945887 2.5128965444505478
341 3.5595109547324233 -2.0550846078982343 35.7645985440563834 0.0009697099253376 2.5129013804645131
342 4.7419906782997376 -2.0202892642171904 35.6290886172493444 0.0009697126358938 2.5129081643777358
343 5.9210014381579255 -1.9754445288024962 35.4547508929756319 0.0009697161344180 2.5129169113239005
344 7.0956511040512300 -1.9204700319167476 35.2415029512943221 0.0009697204323365 2.5129276431066501
345 8.2650308924344689 -1.8552680220836979 34.9892447033847489 0.0009697255451444 2.5129403902109066
346 9.4282119670221078 -1.7797234930035506 34.6978587724567262 0.0009697314934005 2.5129551942825321
347 10.5842419905884917 -1.6937041755475635 34.3672109379041117 0.0009697383040139 2.5129721113536858
348 11.7321416091128476 -1.5970603004296715 33.9971506403185799 0.0009697460118945 2.5129912159750454
349 12.8709008436943133 -1.4896240057314942 33.5875115451165414 0.0009697546620924 2.5130126065409746
350 13.9994753567240764 -1.3712082225888522 33.1381121632898683 0.0009697643125852 2.5130364122777888
351 15.1167825477999020 -1.2416048124157264 32.6487565290367243 0.0009669199771700 2.5056661820661295
352 -14.6586745806371148 -0.2720085143159844 32.8793137231774182 0.0009668703133237 2.5055373619312213
353 -13.5287292080748127 -0.3934908540355907 33.3589365981947026 0.0009697607198911 2.5130270102411663
354 -12.3877896525967479 -0.5040508445242460 33.7977602848051362 0.0009697511686761 2.5130035270805720
355 -11.2369464918999249 -0.6038993334752680 34.1959988760849853 0.0009697426338002 2.5129824900770728
356 -10.0772528580204863 -0.6932255278142263 34.5538480230944032 0.0009697350598152 2.5129637775283031
357 -8.9097284193817092 -0.7721986654068366 34.8714847506383947 0.0009697284040584 2.5129472979509941
358 -7.7353631929469415 -0.8409689771967565 35.1490672344600696 0.0009697226338279 2.5129329830065341
359 -6.5551212313694176 -0.8996681598803633 35.3867345603426244 0.0009697177242129 2.5129207821283304
360 -5.3699442179675696 -0.9484095228805850 35.5846064819161043 0.0009697136564402 2.5129106583947918
361 -4.1807549944992335 -0.9872879317536122 35.7427831906775779 0.0009697104165847 2.5129025853308171
362 -2.9884610400890264 -1.0163796409591404 35.8613451091466047 0.0009697079945861 2.5128965444505478
363 -1.7939579156116967 -1.0357420854932018 35.9403527157059557 0.0009697063835228 2.5128925234213200
364 -0.5981326841320546 -1.0454136830648950 35.9798464077243381 0.0009697055790365 2.5128905146895004
365 0.5981326841320544 -1.0454136830648950 35.9798464077243310 0.0009697055790348 2.5128905146894587
366 1.7939579156116354 -1.0357420854933075 35.9403527157059486 0.0009697063835210 2.5128925234213182
367 2.9884610400890264 -1.0163796409591404 35.8613451091466189 0.0009697079945878 2.5128965444506228
368 4.1807549944992335 -0.9872879317536122 35.7427831906775779 0.0009697104165820 2.5129025853308704
369 5.3699442179675696 -0.9484095228805851 35.5846064819161114 0.0009697136564402 2.5129106583947913
370 6.5551212313694176 -0.8996681598803633 35.3867345603426244 0.0009697177242121 2.5129207821283313
371 7.7353631929469415 -0.8409689771967562 35.1490672344600696 0.0009697226338279 2.5129329830065341
372 8.9097284193817092 -0.7721986654068366 34.8714847506383876 0.0009697284040584 2.5129472979509955
373 10.0772528580204863 -0.6932255278142264 34.5538480230943961 0.0009697350598143 2.5129637775283040
374 11.2369464918999249 -0.6038993334752684 34.1959988760849853 0.0009697426338011 2.5129824900770732
375 12.3877896525967497 -0.5040508445242462 33.7977602848051291 0.0009697511686761 2.5130035270805751
376 13.5287292080748109 -0.3934908540355906 33.3589365981946955 0.0009697607198911 2.5130270102411605
377 14.6586745806371130 -0.2720085143159849 32.8793137231774182 0.0009668703133130 2.5055373619312209
378 -14.1881926437264667 0.6953381567187134 33.0788708143479013 0.0009668267553602 2.5054243645990928
379 -13.0457909725101295 0.5819545399227588 33.5480054074014475 0.0009697576658407 2.5130190035077176
380 -11.8926930482095159 0.4792015110738458 33.9754943742229187 0.0009697482345796 2.5129958894288529
381 -10.7299972876344256 0.3868672108688169 34.3615699869565461 0.0009697398371840 2.5129752563383803
382 -9.5587653891734643 0.3047618648533157 34.7064421172852349 0.0009697324207050 2.5129569899484610
383 -8.3800264123411843 0.2327163413534594 35.0102984910573340 0.0009697259448371 2.5129410055320958
384 -7.1947806871475191 0.1705813696335382 35.2733048190863911 0.0009697203790271 2.5129272407604568
385 -6.0040035977877286 0.1182272052140802 35.4956048423702555 0.0009697157002950 2.5129156503049517
386 -4.8086492740391682 0.0755435849966505 35.6773203215438883 0.0009697118915852 2.5129062017105679
387 -3.6096542149908410 0.0424398535700151 35.8185509939616082 0.0009697089404694 2.5128988722478489
388 -2.4079408639889630 0.0188451719647933 35.9193745164782356 0.0009697068382106 2.5128936465143061
389 -1.2044211490640804 0.0047087422403150 35.9798464077243381 0.0009697055790356 2.5128905146894551
390 -0.0000000000000034 -0.0000000000000017 36.0000000000000000 0.0009697051596644 2.5128894713304617
391 1.2044211490640804 0.0047087422403150 35.9798464077243381 0.0009697055790365 2.5128905146895040
392 2.4079408639889626 0.0188451719647933 35.9193745164782285 0.0009697068382097 2.5128936465143878
393 3.6096542149908410 0.0424398535700151 35.8185509939616082 0.0009697089404712 2.5128988722478489
394 4.8086492740391682 0.0755435849966505 35.6773203215438883 0.0009697118915852 2.5129062017105674
395 6.0040035977877286 0.1182272052140802 35.4956048423702555 0.0009697157002950 2.5129156503049521
396 7.1947806871475191 0.1705813696335382 35.2733048190863911 0.0009697203790271 2.5129272407604564
397 8.3800264123411825 0.2327163413534591 35.0102984910573269 0.0009697259448371 2.5129410055320958
398 9.5587653891734643 0.3047618648533163 34.7064421172852349 0.0009697324207050 2.5129569899484632
399 10.7299972876344256 0.3868672108688171 34.3615699869565390 0.0009697398371840 2.5129752563383798
400 11.8926930482095159 0.4792015110738454 33.9754943742229187 0.0009697482345805 2.5129958894288542
401 13.0457909725101295 0.5819545399227591 33.5480054074014404 0.0009697576658407 2.5130190035077180
402 14.1881926437264649 0.6953381567187135 33.0788708143478942 0.0009668267553673 2.5054243645990875
403 -13.7056952586363501 1.6598969866064766 33.2475361413631276 0.0009667895262275 2.5053277728288315
404 -12.5510333734796511 1.5545707562693019 33.7054130819005451 0.0009697551380334 2.5130123661770107
405 -11.3859971970108127 1.4595569882378929 34.1207966089267600 0.0009697458482805 2.5129896695300049
406 -10.2116927101505581 1.3746443680668154 34.4939369288980942 0.0009697376114879 2.5129694928360040
407 -9.0291898361364922 1.2996440258271378 34.8250578794801342 0.0009697303771681 2.5129517290231180
408 -7.8395266357202251 1.2343883513288532 35.1143575696030155 0.0009697241072910 2.5129362998747178
409 -6.6437133310610710 1.1787304104330962 35.3620088201193923 0.0009697187733853 2.5129231488012267
410 -5.4427362034114939 1.1325437596473109 35.5681594583211123 0.0009697143543193 2.5129122354121458
411 -4.2375613977727209 1.0957225079828623 35.7329325075007844 0.0009697108346600 2.5129035314186456
412 -3.0291386597040177 1.0681815134408499 35.8564263031695631 0.0009697082034155 2.5128970175262393
413 -1.8184050232685367 1.0498566296798568 35.9387145600460940 0.0009697064530876 2.5128926811297014
414 -0.6062884649320256 1.0407049408245794 35.9798464077243310 0.0009697055790348 2.5128905146894569
415 0.6062884649320257 1.0407049408245801 35.9798464077243381 0.0009697055790365 2.5128905146895035
416 1.8184050232685365 1.0498566296798570 35.9387145600460869 0.0009697064530885 2.5128926811297014
417 3.0291386597040173 1.0681815134408499 35.8564263031695560 0.0009697082034155 2.5128970175262397
418 4.2375613977727209 1.0957225079828616 35.7329325075007844 0.0009697108346609 2.5129035314186456
419 5.4427362034114939 1.1325437596473109 35.5681594583211123 0.0009697143543184 2.5129122354121454
420 6.6437133310610701 1.1787304104330960 35.3620088201193852 0.0009697187733835 2.5129231488012262
421 7.8395266357202251 1.2343883513288534 35.1143575696030155 0.0009697241072910 2.5129362998747173
422 9.0291898361364904 1.2996440258271373 34.8250578794801271 0.0009697303771663 2.5129517290231171
423 10.2116927101505581 1.3746443680668154 34.4939369288980942 0.0009697376114888 2.5129694928360040
424 11.3859971970108145 1.4595569882378927 34.1207966089267600 0.0009697458482814 2.5129896695300045
425 12.5510333734796493 1.5545707562693023 33.7054130819005380 0.0009697551380325 2.5130123661770103
426 13.7056952586363501 1.6598969866064763 33.2475361413631276 0.0009667895262258 2.5053277728288292
427 -13.2115269238876873 2.6211429310400662 33.3854034882678832 0.0009667588099465 2.5052480762370379
428 -12.0448148645046285 2.5238118735438491 33.8312401266457812 0.0009697531267072 2.5130070782122838
429 -10.8680737122698972 2.4364488719258808 34.2337361484130014 0.0009697440008862 2.5129848491418150
430 -9.6824166058805297 2.3588445919106742 34.5931591627793225 0.0009697359487593 2.5129651833195972
431 -8.4889212445343052 2.2908124547326847 34.9097464098686388 0.0009697289222164 2.5129479806146060
432 -7.2886342153256685 2.2321877264511127 35.1837057347441018 0.0009697228854355 2.5129331690175127
433 -6.0825751488152120 2.1828271426868526 35.4152162950357408 0.0009697178119170 2.5129206973438682
434 -4.8717407476466770 2.1426088762288544 35.6044290684631619 0.0009697136822968 2.5129105298062600
435 -3.6571087218745899 2.1114327050300234 35.7514672108504996 0.0009697104826785 2.5129026419271860
436 -2.4396416563446945 2.0892202741688015 35.8564263031695631 0.0009697082034155 2.5128970175262388
437 -1.2202908296546782 2.0759153730426951 35.9193745164782356 0.0009697068382097 2.5128936465143088
438 -0.0000000000000614 2.0714841709865097 35.9403527157059486 0.0009697063835219 2.5128925234213182
439 1.2202908296546779 2.0759153730426951 35.9193745164782285 0.0009697068382089 2.5128936465143887
440 2.4396416563446941 2.0892202741688020 35.8564263031695560 0.0009697082034137 2.5128970175262384
441 3.6571087218745899 2.1114327050300234 35.7514672108504996 0.0009697104826802 2.5129026419271865
442 4.8717407476466770 2.1426088762288544 35.6044290684631548 0.0009697136822968 2.5129105298062600
443 6.0825751488152111 2.1828271426868526 35.4152162950357408 0.0009697178119179 2.5129206973438678
444 7.2886342153256685 2.2321877264511123 35.1837057347441018 0.0009697228854346 2.5129331690175150
445 8.4889212445343052 2.2908124547326847 34.9097464098686316 0.0009697289222173 2.5129479806146060
446 9.6824166058805279 2.3588445919106733 34.5931591627793154 0.0009697359487584 2.5129651833195941
447 10.8680737122698954 2.4364488719258799 34.2337361484130014 0.0009697440008871 2.5129848491418141
448 12.0448148645046285 2.5238118735438495 33.8312401266457812 0.0009697531267072 2.5130070782122873
449 13.2115269238876873 2.6211429310400662 33.3854034882678832 0.0009667588099447 2.5052480762370366
450 -12.7060193084853168 3.5785612245171823 33.4925510060786493 0.0009667347625761 2.5051856745940118
451 -11.5274808718814228 3.4891403949987696 33.9255520817627243 0.0009697516244165 2.5130031245674469
452 -10.3392809389569962 3.4093169770094360 34.3143676528592820 0.0009697426858146 2.5129814149577578
453 -9.1425392760401394 3.3388849495444481 34.6592819152354750 0.0009697348433075 2.5129623163420813
454 -7.9383408096120611 3.2776613375693713 34.9605446374430926 0.0009697280510892 2.5129457352121132
455 -6.7277401022027936 3.2254855840294874 35.2183724192988521 0.0009697222754372 2.5129316054121178
456 -5.5117656562521722 3.1822193853473264 35.4329496250887814 0.0009697174917429 2.5129198807997657
457 -4.2914240910115531 3.1477468099993895 35.6044290684631619 0.0009697136822968 2.5129105298062560
458 -3.0677042262979155 3.1219745665760392 35.7329325075007844 0.0009697108346618 2.5129035314186425
459 -1.8415810988199448 3.1048323222746368 35.8185509939616011 0.0009697089404685 2.5128988722478498
460 -0.6140199310845910 3.0962729994167337 35.8613451091466189 0.0009697079945887 2.5128965444505478
461 0.6140199310845909 3.0962729994167324 35.8613451091466189 0.0009697079945887 2.5128965444506228
462 1.8415810988199450 3.1048323222746372 35.8185509939616082 0.0009697089404694 2.5128988722478480
463 3.0677042262979155 3.1219745665760388 35.7329325075007844 0.0009697108346618 2.5129035314186421
464 4.2914240910115531 3.1477468099993895 35.6044290684631548 0.0009697136822968 2.5129105298062555
465 5.5117656562521722 3.1822193853473264 35.4329496250887814 0.0009697174917438 2.5129198807997657
466 6.7277401022027945 3.2254855840294878 35.2183724192988521 0.0009697222754381 2.5129316054121191
467 7.9383408096120611 3.2776613375693713 34.9605446374430926 0.0009697280510910 2.5129457352121136
468 9.1425392760401394 3.3388849495444490 34.6592819152354750 0.0009697348433093 2.5129623163420787
469 10.3392809389569962 3.4093169770094351 34.3143676528592891 0.0009697426858155 2.5129814149577570
470 11.5274808718814228 3.4891403949987709 33.9255520817627385 0.0009697516244183 2.5130031245674500
471 12.7060193084853168 3.5785612245171827 33.4925510060786493 0.0009667347625735 2.5051856745940171
472 -12.1894925064656263 4.5316445493490045 33.5690403513888711 0.0009667175004822 2.5051408791036867
473 -10.9993650898100181 4.4500244403711742 33.9883987575344264 0.0009697506257877 2.5130004945148938
474 -9.7999652856865378 4.3776048614594787 34.3627306260178500 0.0009697418985350 2.5129793579315942
475 -8.5924188426530161 4.3141843521361141 34.6923356349526486 0.0009697342914778 2.5129608846175717
476 -7.3778172756998757 4.2595847901571933 34.9774748897321928 0.0009697277610154 2.5129449873367724
477 -6.1572225064114212 4.2136510465521919 35.2183724192988521 0.0009697222754372 2.5129316054121218
478 -4.9316713320446182 4.1762510279584566 35.4152162950357408 0.0009697178119170 2.5129206973438696
479 -3.7021797684578561 4.1472759384279660 35.5681594583211123 0.0009697143543175 2.5129122354121436
480 -2.4697473007196327 4.1266406367091939 35.6773203215438812 0.0009697118915843 2.5129062017105666
481 -1.2353610675011903 4.1142839981118131 35.7427831906775708 0.0009697104165829 2.5129025853308140
482 -0.0000000000000422 4.1101692157963976 35.7645985440563834 0.0009697099253385 2.5129013804645117
483 1.2353610675011906 4.1142839981118131 35.7427831906775779 0.0009697104165838 2.5129025853308704
484 2.4697473007196327 4.1266406367091939 35.6773203215438883 0.0009697118915843 2.5129062017105679
485 3.7021797684578561 4.1472759384279652 35.5681594583211123 0.0009697143543175 2.5129122354121436
486 4.9316713320446182 4.1762510279584575 35.4152162950357408 0.0009697178119161 2.5129206973438682
487 6.1572225064114212 4.2136510465521919 35.2183724192988521 0.0009697222754381 2.5129316054121196
488 7.3778172756998757 4.2595847901571942 34.9774748897321928 0.0009697277610163 2.5129449873367720
489 8.5924188426530144 4.3141843521361132 34.6923356349526415 0.0009697342914770 2.5129608846175695
490 9.7999652856865360 4.3776048614594787 34.3627306260178500 0.0009697418985333 2.5129793579315938
491 10.9993650898100181 4.4500244403711751 33.9883987575344264 0.0009697506257869 2.5130004945148947
492 12.1894925064656263 4.5316445493490027 33.5690403513888640 0.0009667175004857 2.5051408791036911
493 -11.6622563523972218 5.4798902542341876 33.6149160280450445 0.0009667071089217 2.5051139125115274
494 -10.4607908318333180 5.4059349808876549 34.0198136701988290 0.0009697501273278 2.5129991811652661
495 -9.2504626099188378 5.3407570779652094 34.3788489530504506 0.0009697416363972 2.5129786728253372
496 -8.0324026668856927 5.2841608216255391 34.6923356349526486 0.0009697342914761 2.5129608846175695
497 -6.8077083881431895 5.2359741362380872 34.9605446374430855 0.0009697280510901 2.5129457352121145
498 -5.5774483847853267 5.1960485261389318 35.1837057347441018 0.0009697228854346 2.5129331690175194
499 -4.3426671451788534 5.1642593149436742 35.3620088201193923 0.0009697187733853 2.5129231488012280
500 -3.1043895620276936 5.1405060374903009 35.4956048423702626 0.0009697157002968 2.5129156503049508
501 -1.8636253689781199 5.1247128711055678 35.5846064819161114 0.0009697136564402 2.5129106583947909
502 -0.6213735133448112 5.1168290240251695 35.6290886172493444 0.0009697126358938 2.5129081643776896
503 0.6213735133448112 5.1168290240251695 35.6290886172493444 0.0009697126358938 2.5129081643777358
504 1.8636253689781204 5.1247128711055696 35.5846064819161114 0.0009697136564384 2.5129106583947927
505 3.1043895620276936 5.1405060374903000 35.4956048423702555 0.0009697157002968 2.5129156503049521
506 4.3426671451788526 5.1642593149436733 35.3620088201193852 0.0009697187733853 2.5129231488012271
507 5.5774483847853267 5.1960485261389300 35.1837057347441018 0.0009697228854346 2.5129331690175167
508 6.8077083881431886 5.2359741362380872 34.9605446374430926 0.0009697280510919 2.5129457352121136
509 8.0324026668856909 5.2841608216255374 34.6923356349526415 0.0009697342914761 2.5129608846175713
510 9.2504626099188378 5.3407570779652094 34.3788489530504435 0.0009697416363963 2.5129786728253358
511 10.4607908318333198 5.4059349808876540 34.0198136701988290 0.0009697501273278 2.5129991811652643
512 11.6622563523972218 5.4798902542341885 33.6149160280450445 0.0009667071089208 2.5051139125115274
513 -11.1246117974981082 6.4227976159156190 33.6302049226577608 0.0009667036398096 2.5051049087430775
514 -9.9120724405723113 6.3563431135991753 34.0198136701988290 0.0009697501273269 2.5129991811652665
515 -8.6910996605974358 6.2982164628804265 34.3627306260178500 0.0009697418985350 2.5129793579315911
516 -7.4628288246390886 6.2482287933755263 34.6592819152354750 0.0009697348433075 2.5129623163420778
517 -6.2283624033714462 6.2062152211257784 34.9097464098686316 0.0009697289222164 2.5129479806146064
518 -4.9887749882464894 6.1720350445140442 35.1143575696030155 0.0009697241072919 2.5129362998747138
519 -3.7451181430887477 6.1455721649106430 35.2733048190863840 0.0009697203790253 2.5129272407604542
520 -2.4984251342523152 6.1267355911928281 35.3867345603426244 0.0009697177242129 2.5129207821283295
521 -1.2497155733690197 6.1154599256902085 35.4547508929756319 0.0009697161344180 2.5129169113238778
522 -0.0000000000000176 6.1117057590916692 35.4774160941053509 0.0009697156049739 2.5129156217168682
523 1.2497155733690197 6.1154599256902076 35.4547508929756319 0.0009697161344180 2.5129169113238987
524 2.4984251342523152 6.1267355911928298 35.3867345603426244 0.0009697177242138 2.5129207821283286
525 3.7451181430887477 6.1455721649106430 35.2733048190863911 0.0009697203790271 2.5129272407604546
526 4.9887749882464894 6.1720350445140442 35.1143575696030155 0.0009697241072910 2.5129362998747160
527 6.2283624033714462 6.2062152211257775 34.9097464098686316 0.0009697289222164 2.5129479806146064
528 7.4628288246390877 6.2482287933755272 34.6592819152354750 0.0009697348433075 2.5129623163420791
529 8.6910996605974340 6.2982164628804256 34.3627306260178500 0.0009697418985350 2.5129793579315933
530 9.9120724405723113 6.3563431135991753 34.0198136701988290 0.0009697501273269 2.5129991811652683
531 11.1246117974981082 6.4227976159156190 33.6302049226577608 0.0009667036398087 2.5051049087430779
532 -10.5768523463161834 7.3598651395053443 33.6149160280450445 0.0009667071089208 2.5051139125115318
533 -9.3535167577280749 7.3007173730895918 33.9883987575344264 0.0009697506257869 2.5130004945148952
534 -8.1221955811222344 7.2494214614962615 34.3143676528592891 0.0009697426858155 2.5129814149577570
535 -6.8840276431144440 7.2057964547615025 34.5931591627793225 0.0009697359487602 2.5129651833195985
536 -5.6401196603112247 7.1696857607728832 34.8250578794801342 0.0009697303771663 2.5129517290231171
537 -4.3915514696584594 7.1409575867953059 35.0102984910573340 0.0009697259448380 2.5129410055320918
538 -3.1393810984264636 7.1195055211895362 35.1490672344600696 0.0009697226338288 2.5129329830065315
539 -1.8846497171789993 7.1052491284578352 35.2415029512943221 0.0009697204323365 2.5129276431066501
540 -0.6283865100356772 7.0981344670440558 35.2876978206536762 0.0009697193332414 2.5129249754436884
541 0.6283865100356772 7.0981344670440558 35.2876978206536762 0.0009697193332432 2.5129249754437661
542 1.8846497171789998 7.1052491284578361 35.2415029512943221 0.0009697204323356 2.5129276431066470
543 3.1393810984264636 7.1195055211895362 35.1490672344600696 0.0009697226338279 2.5129329830065310
544 4.3915514696584594 7.1409575867953050 35.0102984910573269 0.0009697259448371 2.5129410055320944
545 5.6401196603112238 7.1696857607728832 34.8250578794801271 0.0009697303771663 2.5129517290231167
546 6.8840276431144432 7.2057964547615008 34.5931591627793154 0.0009697359487584 2.5129651833195963
547 8.1221955811222344 7.2494214614962633 34.3143676528592891 0.0009697426858146 2.5129814149577574
548 9.3535167577280749 7.3007173730895927 33.9883987575344264 0.0009697506257869 2.5130004945148960
549 10.5768523463161834 7.3598651395053452 33.6149160280450445 0.0009667071089217 2.5051139125115318
550 -10.0192655538903352 8.2905878951647818 33.5690403513888711 0.0009667175004893 2.5051408791036880
551 -8.7854246553801172 8.2385210791891161 33.9255520817627385 0.0009697516244183 2.5130031245674473
552 -7.5440634742446990 8.1938034890646421 34.2337361484130014 0.0009697440008862 2.5129848491418119
553 -6.2963232989903473 8.1562631185973391 34.4939369288980942 0.0009697376114879 2.5129694928360049
554 -5.0433142116544234 8.1257527234130098 34.7064421172852349 0.0009697324207050 2.5129569899484641
555 -3.7861205486800920 8.1021504847081491 34.8714847506383947 0.0009697284040593 2.5129472979509941
556 -2.5258062082638419 8.0853607269532688 34.9892447033847418 0.0009697255451435 2.5129403902109080
557 -1.2634198470090823 8.0753145776684310 35.0598497538406306 0.0009697238335775 2.5129362509659372
558 -0.0000000000000784 8.0719704902252420 35.0833762971144623 0.0009697232636494 2.5129348720259497
559 1.2634198470090823 8.0753145776684310 35.0598497538406306 0.0009697238335775 2.5129362509660278
560 2.5258062082638419 8.0853607269532670 34.9892447033847489 0.0009697255451444 2.5129403902109080
561 3.7861205486800924 8.1021504847081509 34.8714847506383876 0.0009697284040584 2.5129472979509937
562 5.0433142116544234 8.1257527234130098 34.7064421172852349 0.0009697324207050 2.5129569899484636
563 6.2963232989903473 8.1562631185973373 34.4939369288980942 0.0009697376114879 2.5129694928360058
564 7.5440634742446981 8.1938034890646421 34.2337361484130014 0.0009697440008862 2.5129848491418123
565 8.7854246553801172 8.2385210791891161 33.9255520817627385 0.0009697516244183 2.5130031245674482
566 10.0192655538903335 8.2905878951647800 33.5690403513888640 0.0009667175004822 2.5051408791036907
567 -9.4521345836724855 9.2144548898652783 33.4925510060786564 0.0009667347625602 2.5051856745940206
568 -8.2080926291140841 9.1692097197695013 33.8312401266457812 0.0009697531267072 2.5130070782122838
569 -6.9570120285905270 9.1307843259108292 34.1207966089267600 0.0009697458482814 2.5129896695300005
570 -5.7000354763208394 9.0990166281951268 34.3615699869565461 0.0009697398371848 2.5129752563383776
571 -4.4382755113712458 9.0737697393121923 34.5538480230943961 0.0009697350598143 2.5129637775283040
572 -3.1728202268580019 9.0549328222073697 34.6978587724567262 0.0009697314934005 2.5129551942825321
573 -1.9047388346966170 9.0424219147274520 34.7937720847805636 0.0009697291230939 2.5129494829432475
574 -0.6350871275489753 9.0361806239688622 34.8417006483815470 0.0009697279399985 2.5129466301985297
575 0.6350871275489753 9.0361806239688605 34.8417006483815541 0.0009697279399994 2.5129466301985968
576 1.9047388346966170 9.0424219147274520 34.7937720847805636 0.0009697291230921 2.5129494829432497
577 3.1728202268580019 9.0549328222073697 34.6978587724567262 0.0009697314934005 2.5129551942825321
578 4.4382755113712458 9.0737697393121923 34.5538480230943961 0.0009697350598152 2.5129637775283009
579 5.7000354763208394 9.0990166281951268 34.3615699869565390 0.0009697398371848 2.5129752563383780
580 6.9570120285905270 9.1307843259108310 34.1207966089267600 0.0009697458482814 2.5129896695300005
581 8.2080926291140841 9.1692097197695013 33.8312401266457812 0.0009697531267081 2.5130070782122860
582 9.4521345836724855 9.2144548898652801 33.4925510060786493 0.0009667347625717 2.5051856745940215
583 -8.8757398271745451 10.1309464733487840 33.3854034882678832 0.0009667588099571 2.5052480762370402
584 -7.6218144536494270 10.0922283670450277 33.7054130819005380 0.0009697551380325 2.5130123661770130
585 -6.3613472062265970 10.0597735436231073 33.9754943742229187 0.0009697482345796 2.5129958894288560
586 -5.0954810818318883 10.0334307896893975 34.1959988760849853 0.0009697426337993 2.5129824900770696
587 -3.8253301527742782 10.0130745314253904 34.3672109379041117 0.0009697383040130 2.5129721113536854
588 -2.5519855430641938 9.9986058531405799 34.4893498167410257 0.0009697352241789 2.5129647179318519
589 -1.2765212711464908 9.9899533951506516 34.5625711515655141 0.0009697333810745 2.5129602889953948
590 -0.0000000000000054 9.9870740489205758 34.5869679495236610 0.0009697327674596 2.5129588137554744
591 1.2765212711464908 9.9899533951506516 34.5625711515655141 0.0009697333810736 2.5129602889954010
592 2.5519855430641938 9.9986058531405799 34.4893498167410257 0.0009697352241798 2.5129647179318493
593 3.8253301527742782 10.0130745314253904 34.3672109379041117 0.0009697383040130 2.5129721113536871
594 5.0954810818318883 10.0334307896893957 34.1959988760849853 0.0009697426337993 2.5129824900770723
595 6.3613472062265970 10.0597735436231073 33.9754943742229187 0.0009697482345796 2.5129958894288560
596 7.6218144536494270 10.0922283670450277 33.7054130819005380 0.0009697551380325 2.5130123661770130
597 8.8757398271745451 10.1309464733487840 33.3854034882678832 0.0009667588099518 2.5052480762370410
598 -8.2903605873846207 11.0395317772037735 33.2475361413631276 0.0009667895262240 2.5053277728288288
599 -7.0268829016758607 11.0070091246940915 33.5480054074014475 0.0009697576658407 2.5130190035077180
600 -5.7573739901413763 10.9801659581489126 33.7977602848051362 0.0009697511686761 2.5130035270805782
601 -4.4829760130087202 10.9588628245030026 33.9971506403185870 0.0009697460118954 2.5129912159750458
602 -3.2048036482933635 10.9429863567277543 34.1464534494046106 0.0009697421657835 2.5129820175818209
603 -1.9239503543709005 10.9324504158812683 34.2458748309663363 0.0009697396111106 2.5129758999349434
604 -0.6414945123293609 10.9271970246060022 34.2955514604458997 0.0009697383364244 2.5129728450792190
605 0.6414945123293609 10.9271970246060022 34.2955514604458997 0.0009697383364218 2.5129728450792332
606 1.9239503543709000 10.9324504158812648 34.2458748309663363 0.0009697396111097 2.5129758999349412
607 3.2048036482933631 10.9429863567277526 34.1464534494046035 0.0009697421657844 2.5129820175818200
608 4.4829760130087202 10.9588628245030026 33.9971506403185799 0.0009697460118945 2.5129912159750480
609 5.7573739901413772 10.9801659581489144 33.7977602848051291 0.0009697511686761 2.5130035270805804
610 7.0268829016758607 11.0070091246940915 33.5480054074014404 0.0009697576658407 2.5130190035077193
611 8.2903605873846207 11.0395317772037735 33.2475361413631276 0.0009667895262204 2.5053277728288306
612 -7.6962768298022839 11.9396661848952590 33.0788708143479013 0.0009668267553584 2.5054243645990910
613 -6.4235915282857494 11.9129686021311123 33.3589365981947026 0.0009697607198902 2.5130270102411645
614 -5.1453981907965467 11.8913391030955893 33.5875115451165414 0.0009697546620915 2.5130126065409764
615 -3.8628369741117967 11.8746508321800803 33.7649397767157211 0.0009697499850487 2.5130014627572956
616 -2.5770222400367708 11.8628034435461025 33.8914864063845087 0.0009697466611023 2.5129935303363418
617 -1.2890491242103639 11.8557243249197182 33.9673395055732783 0.0009697446729771 2.5129887806860154
618 -0.0000000000000137 11.8533695240134467 33.9926114167062678 0.0009697440112539 2.5129871989652450
619 1.2890491242103639 11.8557243249197164 33.9673395055732783 0.0009697446729779 2.5129887806860318
620 2.5770222400367708 11.8628034435461025 33.8914864063845158 0.0009697466611005 2.5129935303363440
621 3.8628369741117967 11.8746508321800803 33.7649397767157211 0.0009697499850487 2.5130014627572943
622 5.1453981907965467 11.8913391030955893 33.5875115451165414 0.0009697546620915 2.5130126065409732
623 6.4235915282857485 11.9129686021311123 33.3589365981946955 0.0009697607198902 2.5130270102411605
624 7.6962768298022830 11.9396661848952590 33.0788708143478942 0.0009668267553637 2.5054243645990875
625 -7.0937710068752526 12.8307888297989372 32.8793137231774182 0.0009668703133272 2.5055373619312240
626 -5.8122365237219853 12.8095054098716918 33.1381121632898683 0.0009697643125852 2.5130364122777888
627 -4.5257283105798125 12.7926507141550125 33.3446528091753507 0.0009697587294202 2.5130231588180076
628 -3.2353833328158466 12.7801112495826974 33.4992694120040042 0.0009697545704128 2.5130132673698551
629 -1.9423147264015148 12.7718004055548011 33.6022101639799047 0.0009697518101195 2.5130066934570769
630 -0.6476186929068914 12.7676597123148436 33.6536395579903029 0.0009697504334598 2.5130034120661287
631 0.6476186929068914 12.7676597123148436 33.6536395579903029 0.0009697504334607 2.5130034120661855
632 1.9423147264015148 12.7718004055548011 33.6022101639799047 0.0009697518101195 2.5130066934570801
633 3.2353833328158466 12.7801112495826974 33.4992694120040042 0.0009697545704119 2.5130132673698569
634 4.5257283105798125 12.7926507141550125 33.3446528091753507 0.0009697587294202 2.5130231588180076
635 5.8122365237219853 12.8095054098716918 33.1381121632898683 0.0009697643125861 2.5130364122777875
636 7.0937710068752526 12.8307888297989372 32.8793137231774182 0.0009668703133219 2.5055373619312222
637 -6.4831299648869205 13.7123201160878310 32.6487565290367314 0.0009669199771682 2.5056661820661295
638 -5.1931186401170706 13.6959976678824589 32.8854248364078003 0.0009697684593846 2.5130472424934465
639 -3.8986774659975691 13.6834362116363373 33.0690775114487039 0.0009697633888468 2.5130352232780351
640 -2.6009390100248995 13.6745362881503763 33.2000327344746680 0.0009697597893732 2.5130266767257163
641 -1.3010142870017893 13.6692256063716826 33.2785160899209842 0.0009697576379741 2.5130215626309242
642 -0.0000000000000491 13.6674602834983769 33.3046622772096939 0.0009697569221530 2.5130198600686535
643 1.3010142870017893 13.6692256063716844 33.2785160899209842 0.0009697576379741 2.5130215626309758
644 2.6009390100248995 13.6745362881503763 33.2000327344746680 0.0009697597893723 2.5130266767257163
645 3.8986774659975691 13.6834362116363373 33.0690775114487039 0.0009697633888459 2.5130352232780329
646 5.1931186401170706 13.6959976678824589 32.8854248364078003 0.0009697684593837 2.5130472424934442
647 6.4831299648869196 13.7123201160878292 32.6487565290367243 0.0009669199771700 2.5056661820661299
648 -5.8646469460277997 14.5836592555357338 32.3870776532380802 0.0009669754852268 2.5058101424387247
649 -4.5665451994854873 14.5718005151449912 32.6007560447281008 0.0009697731793121 2.5130595421220394
650 -3.2645653677759321 14.5630061641633919 32.7606694745705269 0.0009697686628032 2.5130488493807528
651 -1.9598343926607449 14.5571913245927131 32.8671147180969783 0.0009697656683576 2.5130417498292674
652 -0.6534602824795289 14.5542984407234179 32.9202883729407390 0.0009697641757977 2.5130382079899793
653 0.6534602824795289 14.5542984407234179 32.9202883729407390 0.0009697641757977 2.5130382079900513
654 1.9598343926607447 14.5571913245927114 32.8671147180969712 0.0009697656683576 2.5130417498292665
655 3.2645653677759321 14.5630061641633901 32.7606694745705269 0.0009697686628032 2.5130488493807532
656 4.5665451994854873 14.5718005151449894 32.6007560447281008 0.0009697731793130 2.5130595421220399
657 5.8646469460277997 14.5836592555357338 32.3870776532380802 0.0009669754852251 2.5058101424387256
658 -5.2386237039741985 15.4441818100010302 32.0941438569062569 0.0009670365356325 2.5059684491083511
659 -3.9328321948619021 15.4362436052058687 32.2839776714053457 0.0009697784956177 2.5130733624614758
660 -2.6237203607410771 15.4306437107862546 32.4193048373867114 0.0009697745787802 2.5130640987831314
661 -1.3124082580760432 15.4273122130052887 32.5003941890954806 0.0009697722398219 2.5130585603527256
662 -0.0000000000000333 15.4262064875106635 32.5274061893149380 0.0009697714619383 2.5130567172842739
663 1.3124082580760432 15.4273122130052887 32.5003941890954806 0.0009697722398228 2.5130585603527580
664 2.6237203607410771 15.4306437107862546 32.4193048373867114 0.0009697745787802 2.5130640987831323
665 3.9328321948619016 15.4362436052058669 32.2839776714053386 0.0009697784956177 2.5130733624614781
666 5.2386237039741985 15.4441818100010302 32.0941438569062569 0.0009670365356325 2.5059684491083529
667 -4.6053727579391550 16.2932372264007554 31.7698121247932477 0.0009671027750002 2.5061401779000265
668 -3.2923065002080922 16.2886285672830233 31.9349541616357939 0.0009697844365277 2.5130887669511943
669 -1.9764815261909316 16.2856019120983255 32.0448543628658911 0.0009697811702738 2.5130810478903634
670 -0.6590096947672762 16.2841024765335263 32.0997463036074038 0.0009697795434551 2.5130771997638210
671 0.6590096947672762 16.2841024765335263 32.0997463036074038 0.0009697795434560 2.5130771997638761
672 1.9764815261909316 16.2856019120983255 32.0448543628658911 0.0009697811702729 2.5130810478903642
673 3.2923065002080922 16.2886285672830233 31.9349541616357939 0.0009697844365295 2.5130887669511952
674 4.6053727579391550 16.2932372264007554 31.7698121247932477 0.0009671027749976 2.5061401779000270
675 -3.9652198195755730 17.1301463465660433 31.4139319081148223 0.0009671737885171 2.5063242452860384
676 -2.6453082115144846 17.1282264067773120 31.5535450405223159 0.0009697910362201 2.5131058337001049
677 -1.3232008515435090 17.1271009921150537 31.6371862072524763 0.0009697884779696 2.5130997909417379
678 -0.0000000000000268 17.1267303242068500 31.6650455297618869 0.0009697876276240 2.5130977811274917
679 1.3232008515435090 17.1271009921150537 31.6371862072524763 0.0009697884779696 2.5130997909417641
680 2.6453082115144846 17.1282264067773120 31.5535450405223159 0.0009697910362201 2.5131058337001053
681 3.9652198195755730 17.1301463465660468 31.4139319081148223 0.0009671737885242 2.5063242452860397
682 -3.3185064390817938 17.9541988697808641 31.0263478024425581 0.0009672490845096 2.5065193646983097
683 -1.9921931489067592 17.9542748115091868 31.1396079366817915 0.0009697983359622 2.5131246585517522
684 -0.6642454732430046 17.9543254216122747 31.1961692617238420 0.0009697965511597 2.5131204437463812
685 0.6642454732430046 17.9543254216122747 31.1961692617238420 0.0009697965511588 2.5131204437464612
686 1.9921931489067592 17.9542748115091868 31.1396079366817915 0.0009697983359622 2.5131246585517517
687 3.3185064390817938 17.9541988697808641 31.0263478024425581 0.0009672490845052 2.5065193646983088
688 -2.6655929331235741 18.7646507399643134 30.6069027659127642 0.0009673280663050 2.5067239823984639
689 -1.3333355600045105 18.7659753208702362 30.6930022405908716 0.0009698063855090 2.5131453587853221
690 -0.0000000000000575 18.7664207787939610 30.7216772190785541 0.0009698054494418 2.5131431481785511
691 1.3333355600045105 18.7659753208702362 30.6930022405908716 0.0009698063855090 2.5131453587853798
692 2.6655929331235741 18.7646507399643134 30.6069027659127642 0.0009673280662987 2.5067239823984684
693 -2.0068616787792264 19.5607214228364406 30.1554420232971374 0.0009674100010324 2.5069361843156064
694 -0.6691310774319500 19.5624903031030826 30.2135935754456817 0.0009698152447619 2.5131680775207226
695 0.6691310774319500 19.5624903031030826 30.2135935754456817 0.0009698152447619 2.5131680775208309
696 2.0068616787792264 19.5607214228364406 30.1554420232971303 0.0009674100010413 2.5069361843156077
697 -1.3427208872368814 20.3415910301956444 29.6718178576783842 0.0009674939624507 2.5071535613349458
698 -0.0000000000000550 20.3429396701731910 29.7012593264274543 0.0009698249856749 2.5131929888416278
699 1.3427208872368814 20.3415910301956444 29.6718178576783842 0.0009674939624453 2.5071535613350453
700 -0.6736090116104576 21.1063972383902865 29.1558955704459173 0.0009675787607115 2.5073730142962281
701 0.6736090116104576 21.1063972383902865 29.1558955704459173 0.0009675787607106 2.5073730142963333
702 0.0000000000000000 21.8542319354407013 28.6075610025035729 0.0009205926857518 2.3856429509262114
