4 2.8350734977371026 8.1577958546200975 1.7039999340839047 10.3795931797293193 0.3594775313781580 8.5669438303570189 67.0000225316059925 2.9239891363919606 112.4492056379982614 0.1351154466352188 0.5293020927857306 0.4503893259491463 0.0203733610340091 4.7132510613148639 0.0058913510694842
8 3.0617657429981811 8.4901207174341753 1.7514668635177038 11.9618985277600913 0.0958862495571292 9.5562945824770278 72.2874162938259701 3.0905017090218809 144.7768578578537131 0.0093037522952636 0.1818851174798244 0.2052664972209755 0.0228655350213383 1.6898414694246640 0.0001095794411315
10 3.0902377223240376 8.5379559897650310 1.7593205023542489 12.1721042204526029 0.0618708386644406 9.6711378623123121 73.0741413911641189 3.1190957094879836 149.2996478169593217 0.0038576318882013 0.1215686818378572 0.1774489079995476 0.0238870794839769 1.1395266633992662 0.0000296312111601
16 3.1214188537557366 8.5932072551519276 1.7690676714345863 12.4078371192882848 0.0243905613997510 9.7931675974202186 73.9965882973131386 3.1553195800893654 154.4336868181780744 0.0005967578878705 0.0499119368384413 0.1533773673174181 0.0257191539743760 0.4792648393898844 0.0000018584024755
20 3.1286647793837585 8.6065729451601065 1.7715586648957258 12.4638981170844758 0.0156442114738122 9.8208734142155283 74.2224709390261950 3.1647450934721424 155.6631186174786592 0.0002452379080637 0.0323301124591051 0.1493730786642828 0.0263249903050160 0.3143623444167076 0.0000004965554263
24 3.1326087184331235 8.6139451676315080 1.7729583088137824 12.4947303103797260 0.0108772108346356 9.8358383127629931 74.3475997788782053 3.1700781110008811 156.3402220174767479 0.0001184822539619 0.0226009299597774 0.1475484279159929 0.0266969462090541 0.2219364883549133 0.0000001685384208
32 3.1365357164368195 8.6213586451942348 1.7743854425581649 12.5257290358341393 0.0061259363691429 9.8506544658772413 74.4738430933566917 3.1755462968909427 157.0213287175368180 0.0000375576197013 0.0127981653934093 0.1460182042913232 0.0271025981286082 0.1274408383983712 0.0000000305233025
36 3.1375963115529166 8.6233739115848689 1.7747769569994645 12.5341667354467656 0.0048418701323774 9.8546411160403391 74.5082361947890206 3.1770521914581371 157.2067203735394685 0.0000234588522377 0.0101305017698721 0.1456585757864985 0.0272189443618580 0.1013846215592480 0.0000000151458589
48 3.1393330010438496 8.6929977874107216 1.8054950433132118 12.5480925116729498 0.0027250701047216 9.8618344918947862 75.8191736865347394 3.3020356330325584 157.5141456289773600 0.0000074288154076 0.0064228004518032 0.2509631546070352 0.0422232816039818 0.0595199474745982 0.0000000028083320
52 3.1396674395925870 8.6903719723830601 1.8040995336720198 12.5507783648035325 0.0023222029072455 9.8629507266444705 75.7673010139537695 3.2960307712348231 157.5726711037478083 0.0000053943604119 0.0054390954065990 0.2447359955727251 0.0412556438392238 0.0506335413273860 0.0000000017340695
64 3.1403217840003785 8.6875304942687084 1.8024270844100909 12.5560489795884198 0.0015333410465832 9.8651858878332384 75.7098616246125857 3.2887852383512657 157.6877734685236589 0.0000023516331217 0.0035649807659190 0.2366755357638795 0.0400418437362045 0.0334074907002559 0.0000000004983566
72 3.1405887183439840 8.6837391224870970 1.8005562356138636 12.5582051568494801 0.0012116338022499 9.8660915150114405 75.6363766610384261 3.2808875292117143 157.7349003104605174 0.0000014683021263 0.0027940172219321 0.2290515136254498 0.0388847716037475 0.0263835489396342 0.0000000002456556
84 3.1408555900396005 8.6735489137718176 1.7958139376699698 12.5603644899785287 0.0008902573593333 9.8669850913745716 75.4417561776966750 3.2612102202920066 157.7821164125761584 0.0000007926554464 0.0020112538915651 0.2113054181044021 0.0362625215622847 0.0193602914625615 0.0000000000972805
96 3.1410283358001845 8.6733102978142096 1.7956106801966678 12.5617666532970169 0.0006816418945399 9.8675977623105346 75.4364453658488827 3.2603221155617694 157.8128232241300566 0.0000004646793809 0.0015387560108575 0.2101338436788751 0.0361044007254292 0.0148417722451200 0.0000000000437085
