4 1.4965019369224777 5.6990697957285565 1.1246359090799667 5.8046135735174893 0.1903995547630174 2.2699811439431103 32.5522724223281372 1.2670703417859110 33.7934028906380846 0.0363667885882562 0.0304630967303829 0.0728758857426044 0.0022644137937879 0.0998641527746074 0.0001147981343009
8 1.5517898521423912 5.8038235608286630 1.1429923186777642 6.1590418937744511 0.0487068628463532 2.4169700736471116 33.7088044300703586 1.3077750000526644 37.9567345541043011 0.0023738035568616 0.0089183284350072 0.0244365048404589 0.0013435594962927 0.0229375048355251 0.0000014450685281
10 1.5585984898864877 5.8166293901885027 1.1452024840798867 6.2033770741750756 0.0312596283939280 2.4350463151317698 33.8511547105429571 1.3127191035870924 38.4949362640668724 0.0009774963988644 0.0058170624553298 0.0179772477382869 0.0012303740443493 0.0130491396659522 0.0000003320315379
16 1.5660172270886823 5.8305702690583043 1.1476012964620745 6.2518582477146625 0.0122479245753986 2.4547295063451839 34.0063792690042703 1.3180970132555223 39.0894298441708727 0.0001500258177335 0.0023195508066585 0.0108296065776443 0.0011082776140880 0.0036982946530202 0.0000000141613288
20 1.5677355818100380 5.8337978129055230 1.1481556161303776 6.2631134354458462 0.0078441764134575 2.4592864441634399 34.0423553369962306 1.3193415495362886 39.2285755821052007 0.0000615342095988 0.0014915896901813 0.0091584151349693 0.0010802306845614 0.0019856768429278 0.0000000031059934
24 1.5686700085588412 5.8355527227601485 1.1484568537855706 6.2692379873713318 0.0054494235101294 2.4617641024810304 34.0619228239674214 1.3200181662748380 39.3045303700836826 0.0000296971096805 0.0010385067290355 0.0082472438540364 0.0010650212677865 0.0011854277839376 0.0000000008930877
32 1.5695998245621963 5.8372988410816244 1.1487564695616119 6.2753351697479403 0.0030664642787599 2.4642292728374748 34.0813966769893568 1.3206913442301962 39.3803511050479571 0.0000094033269160 0.0005856635717976 0.0073389168964795 0.0010499178705377 0.0005196123725497 0.0000000001237431
36 1.5698508467105532 5.8377702185022740 1.1488373338502478 6.2769817117990785 0.0024231335546390 2.4648947485918784 34.0866545399395875 1.3208730655074279 39.4008689815560729 0.0000058716311592 0.0004630676740378 0.0070934159074980 0.0010458458592821 0.0003695712959839 0.0000000000549356
48 1.5702644056524326 5.8385467937811875 1.1489705369053960 6.2796948416111116 0.0013632426355345 2.4659910770646638 34.0953173581201270 1.3211724370750018 39.4347271645274020 0.0000018584380011 0.0002607734056763 0.0066886949475418 0.0010391423983278 0.0001598607701965 0.0000000000075178
52 1.5703430778518443 5.8386945209556105 1.1489958735852051 6.2802110297820493 0.0011616168066516 2.4661996279195129 34.0969653768584706 1.3212293854462973 39.4411770360662146 0.0000013493579232 0.0002222457623091 0.0066116678214030 0.0010378679304688 0.0001264574701096 0.0000000000043177
64 1.5704970931138145 5.8389837227655601 1.1490454726177217 6.2812216217690064 0.0007668967786131 2.4666078988518940 34.1001917546942011 1.3213408718042516 39.4538137672803089 0.0000005881316915 0.0001467793729528 0.0064608399730446 0.0010353736609681 0.0000687055018389 0.0000000000010224
72 1.5705598892657435 5.8391016383904670 1.1490656949982863 6.2816336896160694 0.0006059586563002 2.4667743597176450 34.1015072745347680 1.3213863284137517 39.4589703626008443 0.0000003671863442 0.0001159939472206 0.0063993310805301 0.0010343569918572 0.0000485520812532 0.0000000000004511
84 1.5706225333066346 5.8422225057657533 1.1504071529376232 6.2820449769781801 0.0004452055060707 2.4669422097057425 34.1388130677001769 1.3245929779471364 39.4641198653672021 0.0000001982080969 0.0000870675751918 0.0072492608243024 0.0011563604170883 0.0000307725904207 0.0000000000001543
96 1.5706632615500817 5.8423801857084943 1.1504533624361815 6.2823122089494046 0.0003408661263590 2.4670498266882226 34.1406399340704851 1.3247015240766156 39.4674674048494367 0.0000001161897770 0.0000667455050820 0.0072336997112643 0.0011585849358997 0.0000207141346920 0.0000000000000609
