0.88880
1.08418
0.54443
7.48259
9.07186
0.92814
2.82000
0.72186
3.64367
2.81446
3.62397
6.37603
0-----------
-1 7.967591812475
1 8.856393425030
1 9.359967328678
-1 9.940568939837
1 0.484999079689
1 0.511964286660
1 1.121763372478
1 3.740546765941
1 6.870059580868
1 7.655097068503

1-----------
1 7.607368829942
1 7.869790235436
1 8.924660624059
1 5.027864610137
1 5.574366450204
1 5.594806181306
1 5.632859996549
-1 6.679230191658

2-----------
1 0.688030685332
1 3.101490623514
-1 3.508033610181
1 4.229894209217
1 7.039476632923
-1 7.873567882061
-1 0.458043456633

3-----------
-1 5.674421926653
-1 5.822044703378
-1 8.333649345082
1 9.298392845583
1 2.207414769119
1 4.573685786931

0-----------
1 7.967591812475
-1 8.856393425030
1 9.940568939837
-1 0.484999079689
1 1.121763372478
-1 7.655097068503

1-----------
-1 7.607368829942
1 7.869790235436
-1 5.632859996549
1 6.679230191658

2-----------
-1 0.688030685332
1 3.101490623514
-1 3.508033610181
1 4.229894209217
-1 7.873567882061
1 0.458043456633

3-----------
-1 5.674421926653
1 5.822044703378

