 0   0   0   0 
 1   0   0   1 
 2   0   1   0 
 3   1   0   0 
 4   0   0   2 
 5   0   1   1 
 6   0   2   0 
 7   1   0   1 
 8   1   1   0 
 9   2   0   0 
 10   0   0   3 
 11   0   1   2 
 12   0   2   1 
 13   0   3   0 
 14   1   0   2 
 15   1   1   1 
 16   1   2   0 
 17   2   0   1 
 18   2   1   0 
 19   3   0   0 
 20   0   0   4 
 21   0   1   3 
 22   0   2   2 
 23   0   3   1 
 24   0   4   0 
 25   1   0   3 
 26   1   1   2 
 27   1   2   1 
 28   1   3   0 
 29   2   0   2 
 30   2   1   1 
 31   2   2   0 
 32   3   0   1 
 33   3   1   0 
 34   4   0   0 
 35   0   0   5 
 36   0   1   4 
 37   0   2   3 
 38   0   3   2 
 39   0   4   1 
 40   0   5   0 
 41   1   0   4 
 42   1   1   3 
 43   1   2   2 
 44   1   3   1 
 45   1   4   0 
 46   2   0   3 
 47   2   1   2 
 48   2   2   1 
 49   2   3   0 
 50   3   0   2 
 51   3   1   1 
 52   3   2   0 
 53   4   0   1 
 54   4   1   0 
 55   5   0   0 
 56   0   0   6 
 57   0   1   5 
 58   0   2   4 
 59   0   3   3 
 60   0   4   2 
 61   0   5   1 
 62   0   6   0 
 63   1   0   5 
 64   1   1   4 
 65   1   2   3 
 66   1   3   2 
 67   1   4   1 
 68   1   5   0 
 69   2   0   4 
 70   2   1   3 
 71   2   2   2 
 72   2   3   1 
 73   2   4   0 
 74   3   0   3 
 75   3   1   2 
 76   3   2   1 
 77   3   3   0 
 78   4   0   2 
 79   4   1   1 
 80   4   2   0 
 81   5   0   1 
 82   5   1   0 
 83   6   0   0 
 84   0   0   7 
 85   0   1   6 
 86   0   2   5 
 87   0   3   4 
 88   0   4   3 
 89   0   5   2 
 90   0   6   1 
 91   0   7   0 
 92   1   0   6 
 93   1   1   5 
 94   1   2   4 
 95   1   3   3 
 96   1   4   2 
 97   1   5   1 
 98   1   6   0 
 99   2   0   5 
 100   2   1   4 
 101   2   2   3 
 102   2   3   2 
 103   2   4   1 
 104   2   5   0 
 105   3   0   4 
 106   3   1   3 
 107   3   2   2 
 108   3   3   1 
 109   3   4   0 
 110   4   0   3 
 111   4   1   2 
 112   4   2   1 
 113   4   3   0 
 114   5   0   2 
 115   5   1   1 
 116   5   2   0 
 117   6   0   1 
 118   6   1   0 
 119   7   0   0 
 120   0   0   8 
 121   0   1   7 
 122   0   2   6 
 123   0   3   5 
 124   0   4   4 
 125   0   5   3 
 126   0   6   2 
 127   0   7   1 
 128   0   8   0 
 129   1   0   7 
 130   1   1   6 
 131   1   2   5 
 132   1   3   4 
 133   1   4   3 
 134   1   5   2 
 135   1   6   1 
 136   1   7   0 
 137   2   0   6 
 138   2   1   5 
 139   2   2   4 
 140   2   3   3 
 141   2   4   2 
 142   2   5   1 
 143   2   6   0 
 144   3   0   5 
 145   3   1   4 
 146   3   2   3 
 147   3   3   2 
 148   3   4   1 
 149   3   5   0 
 150   4   0   4 
 151   4   1   3 
 152   4   2   2 
 153   4   3   1 
 154   4   4   0 
 155   5   0   3 
 156   5   1   2 
 157   5   2   1 
 158   5   3   0 
 159   6   0   2 
 160   6   1   1 
 161   6   2   0 
 162   7   0   1 
 163   7   1   0 
 164   8   0   0 
 165   0   0   9 
 166   0   1   8 
 167   0   2   7 
 168   0   3   6 
 169   0   4   5 
 170   0   5   4 
 171   0   6   3 
 172   0   7   2 
 173   0   8   1 
 174   0   9   0 
 175   1   0   8 
 176   1   1   7 
 177   1   2   6 
 178   1   3   5 
 179   1   4   4 
 180   1   5   3 
 181   1   6   2 
 182   1   7   1 
 183   1   8   0 
 184   2   0   7 
 185   2   1   6 
 186   2   2   5 
 187   2   3   4 
 188   2   4   3 
 189   2   5   2 
 190   2   6   1 
 191   2   7   0 
 192   3   0   6 
 193   3   1   5 
 194   3   2   4 
 195   3   3   3 
 196   3   4   2 
 197   3   5   1 
 198   3   6   0 
 199   4   0   5 
 200   4   1   4 
 201   4   2   3 
 202   4   3   2 
 203   4   4   1 
 204   4   5   0 
 205   5   0   4 
 206   5   1   3 
 207   5   2   2 
 208   5   3   1 
 209   5   4   0 
 210   6   0   3 
 211   6   1   2 
 212   6   2   1 
 213   6   3   0 
 214   7   0   2 
 215   7   1   1 
 216   7   2   0 
 217   8   0   1 
 218   8   1   0 
 219   9   0   0 
 220   0   0   10 
 221   0   1   9 
 222   0   2   8 
 223   0   3   7 
 224   0   4   6 
 225   0   5   5 
 226   0   6   4 
 227   0   7   3 
 228   0   8   2 
 229   0   9   1 
 230   0   10   0 
 231   1   0   9 
 232   1   1   8 
 233   1   2   7 
 234   1   3   6 
 235   1   4   5 
 236   1   5   4 
 237   1   6   3 
 238   1   7   2 
 239   1   8   1 
 240   1   9   0 
 241   2   0   8 
 242   2   1   7 
 243   2   2   6 
 244   2   3   5 
 245   2   4   4 
 246   2   5   3 
 247   2   6   2 
 248   2   7   1 
 249   2   8   0 
 250   3   0   7 
 251   3   1   6 
 252   3   2   5 
 253   3   3   4 
 254   3   4   3 
 255   3   5   2 
 256   3   6   1 
 257   3   7   0 
 258   4   0   6 
 259   4   1   5 
 260   4   2   4 
 261   4   3   3 
 262   4   4   2 
 263   4   5   1 
 264   4   6   0 
 265   5   0   5 
 266   5   1   4 
 267   5   2   3 
 268   5   3   2 
 269   5   4   1 
 270   5   5   0 
 271   6   0   4 
 272   6   1   3 
 273   6   2   2 
 274   6   3   1 
 275   6   4   0 
 276   7   0   3 
 277   7   1   2 
 278   7   2   1 
 279   7   3   0 
 280   8   0   2 
 281   8   1   1 
 282   8   2   0 
 283   9   0   1 
 284   9   1   0 
 285   10   0   0 
 286   0   0   11 
 287   0   1   10 
 288   0   2   9 
 289   0   3   8 
 290   0   4   7 
 291   0   5   6 
 292   0   6   5 
 293   0   7   4 
 294   0   8   3 
 295   0   9   2 
 296   0   10   1 
 297   0   11   0 
 298   1   0   10 
 299   1   1   9 
 300   1   2   8 
 301   1   3   7 
 302   1   4   6 
 303   1   5   5 
 304   1   6   4 
 305   1   7   3 
 306   1   8   2 
 307   1   9   1 
 308   1   10   0 
 309   2   0   9 
 310   2   1   8 
 311   2   2   7 
 312   2   3   6 
 313   2   4   5 
 314   2   5   4 
 315   2   6   3 
 316   2   7   2 
 317   2   8   1 
 318   2   9   0 
 319   3   0   8 
 320   3   1   7 
 321   3   2   6 
 322   3   3   5 
 323   3   4   4 
 324   3   5   3 
 325   3   6   2 
 326   3   7   1 
 327   3   8   0 
 328   4   0   7 
 329   4   1   6 
 330   4   2   5 
 331   4   3   4 
 332   4   4   3 
 333   4   5   2 
 334   4   6   1 
 335   4   7   0 
 336   5   0   6 
 337   5   1   5 
 338   5   2   4 
 339   5   3   3 
 340   5   4   2 
 341   5   5   1 
 342   5   6   0 
 343   6   0   5 
 344   6   1   4 
 345   6   2   3 
 346   6   3   2 
 347   6   4   1 
 348   6   5   0 
 349   7   0   4 
 350   7   1   3 
 351   7   2   2 
 352   7   3   1 
 353   7   4   0 
 354   8   0   3 
 355   8   1   2 
 356   8   2   1 
 357   8   3   0 
 358   9   0   2 
 359   9   1   1 
 360   9   2   0 
 361   10   0   1 
 362   10   1   0 
 363   11   0   0 
 364   0   0   12 
 365   0   1   11 
 366   0   2   10 
 367   0   3   9 
 368   0   4   8 
 369   0   5   7 
 370   0   6   6 
 371   0   7   5 
 372   0   8   4 
 373   0   9   3 
 374   0   10   2 
 375   0   11   1 
 376   0   12   0 
 377   1   0   11 
 378   1   1   10 
 379   1   2   9 
 380   1   3   8 
 381   1   4   7 
 382   1   5   6 
 383   1   6   5 
 384   1   7   4 
 385   1   8   3 
 386   1   9   2 
 387   1   10   1 
 388   1   11   0 
 389   2   0   10 
 390   2   1   9 
 391   2   2   8 
 392   2   3   7 
 393   2   4   6 
 394   2   5   5 
 395   2   6   4 
 396   2   7   3 
 397   2   8   2 
 398   2   9   1 
 399   2   10   0 
 400   3   0   9 
 401   3   1   8 
 402   3   2   7 
 403   3   3   6 
 404   3   4   5 
 405   3   5   4 
 406   3   6   3 
 407   3   7   2 
 408   3   8   1 
 409   3   9   0 
 410   4   0   8 
 411   4   1   7 
 412   4   2   6 
 413   4   3   5 
 414   4   4   4 
 415   4   5   3 
 416   4   6   2 
 417   4   7   1 
 418   4   8   0 
 419   5   0   7 
 420   5   1   6 
 421   5   2   5 
 422   5   3   4 
 423   5   4   3 
 424   5   5   2 
 425   5   6   1 
 426   5   7   0 
 427   6   0   6 
 428   6   1   5 
 429   6   2   4 
 430   6   3   3 
 431   6   4   2 
 432   6   5   1 
 433   6   6   0 
 434   7   0   5 
 435   7   1   4 
 436   7   2   3 
 437   7   3   2 
 438   7   4   1 
 439   7   5   0 
 440   8   0   4 
 441   8   1   3 
 442   8   2   2 
 443   8   3   1 
 444   8   4   0 
 445   9   0   3 
 446   9   1   2 
 447   9   2   1 
 448   9   3   0 
 449   10   0   2 
 450   10   1   1 
 451   10   2   0 
 452   11   0   1 
 453   11   1   0 
 454   12   0   0 
 455   0   0   13 
 456   0   1   12 
 457   0   2   11 
 458   0   3   10 
 459   0   4   9 
 460   0   5   8 
 461   0   6   7 
 462   0   7   6 
 463   0   8   5 
 464   0   9   4 
 465   0   10   3 
 466   0   11   2 
 467   0   12   1 
 468   0   13   0 
 469   1   0   12 
 470   1   1   11 
 471   1   2   10 
 472   1   3   9 
 473   1   4   8 
 474   1   5   7 
 475   1   6   6 
 476   1   7   5 
 477   1   8   4 
 478   1   9   3 
 479   1   10   2 
 480   1   11   1 
 481   1   12   0 
 482   2   0   11 
 483   2   1   10 
 484   2   2   9 
 485   2   3   8 
 486   2   4   7 
 487   2   5   6 
 488   2   6   5 
 489   2   7   4 
 490   2   8   3 
 491   2   9   2 
 492   2   10   1 
 493   2   11   0 
 494   3   0   10 
 495   3   1   9 
 496   3   2   8 
 497   3   3   7 
 498   3   4   6 
 499   3   5   5 
 500   3   6   4 
 501   3   7   3 
 502   3   8   2 
 503   3   9   1 
 504   3   10   0 
 505   4   0   9 
 506   4   1   8 
 507   4   2   7 
 508   4   3   6 
 509   4   4   5 
 510   4   5   4 
 511   4   6   3 
 512   4   7   2 
 513   4   8   1 
 514   4   9   0 
 515   5   0   8 
 516   5   1   7 
 517   5   2   6 
 518   5   3   5 
 519   5   4   4 
 520   5   5   3 
 521   5   6   2 
 522   5   7   1 
 523   5   8   0 
 524   6   0   7 
 525   6   1   6 
 526   6   2   5 
 527   6   3   4 
 528   6   4   3 
 529   6   5   2 
 530   6   6   1 
 531   6   7   0 
 532   7   0   6 
 533   7   1   5 
 534   7   2   4 
 535   7   3   3 
 536   7   4   2 
 537   7   5   1 
 538   7   6   0 
 539   8   0   5 
 540   8   1   4 
 541   8   2   3 
 542   8   3   2 
 543   8   4   1 
 544   8   5   0 
 545   9   0   4 
 546   9   1   3 
 547   9   2   2 
 548   9   3   1 
 549   9   4   0 
 550   10   0   3 
 551   10   1   2 
 552   10   2   1 
 553   10   3   0 
 554   11   0   2 
 555   11   1   1 
 556   11   2   0 
 557   12   0   1 
 558   12   1   0 
 559   13   0   0 
